31 29 98 36 5 90 67 
93 33 68 63 98 53 80 10 6 25 100 66 40 35 75 44 11 21 
23 95 33 29 79 55 27 49 89 25 61 4 26 72 84 16 
23 41 48 83 56 79 36 53 55 20 49 13 66 59 9 85 37 26 32 62 
93 48 77 82 36 10 17 20 34 91 86 92 97 37 67 11 16 
82 34 40 90 
46 95 56 29 63 6 74 60 5 94 64 3 75 37 1 26 7 72 84 
22 93 33 48 56 77 63 98 80 27 17 49 91 60 9 64 92 3 1 67 19 32 12 11 
52 87 
47 77 10 17 91 52 58 42 74 100 13 94 85 87 97 88 65 54 62 2 
47 85 90 11 
95 48 28 77 53 91 58 69 94 88 3 75 72 
78 79 36 72 
78 63 79 98 14 71 27 89 34 42 13 59 99 94 90 45 54 84 
33 
22 56 82 87 75 15 
46 78 89 91 85 37 
41 
93 77 71 51 57 20 6 13 86 59 64 76 81 26 45 44 62 
83 24 55 20 58 94 7 
23 43 31 47 29 24 53 51 52 42 74 100 13 99 39 92 90 50 96 26 32 
36 24 17 58 25 70 59 64 97 19 62 
43 33 78 18 79 36 53 17 74 13 40 92 35 87 97 75 7 
28 51 17 8 58 74 100 92 72 54 84 2 16 
23 46 14 71 80 8 89 6 64 50 65 54 2 
68 51 20 91 44 
46 95 28 63 24 53 55 20 8 60 99 39 85 30 92 96 3 84 2 
48 36 19 
95 57 49 25 60 69 59 39 45 67 44 11 
31 48 68 56 77 82 98 55 20 89 60 61 94 40 85 35 4 73 21 2 
46 78 68 56 8 49 42 59 5 26 7 12 
33 10 89 94 
41 28 63 98 24 53 51 58 74 9 87 7 73 
38 13 
78 18 6 9 
95 93 82 55 25 61 85 76 88 19 62 21 16 
68 28 79 39 76 26 72 19 15 54 2 
68 
77 53 88 
22 95 93 68 28 18 51 8 52 81 26 45 44 
22 47 56 82 27 34 70 39 97 65 12 
33 63 98 14 57 89 52 86 69 40 35 76 87 96 67 15 11 54 
23 22 43 31 46 93 78 83 56 51 27 17 52 100 69 94 90 75 37 67 19 73 62 
43 41 47 63 79 24 17 66 59 9 92 35 76 50 67 44 65 11 84 
22 83 28 77 18 14 71 57 27 8 58 100 76 75 26 7 72 19 16 
23 31 48 47 79 24 57 10 20 91 100 5 99 40 64 85 35 96 26 44 
33 63 42 86 99 85 35 90 87 88 4 1 7 44 32 
43 31 56 27 13 5 99 39 90 50 97 3 26 32 54 21 
38 41 68 98 51 10 52 100 99 30 97 88 37 72 19 73 62 16 
52 73 
47 82 57 49 6 86 12 
56 57 60 13 9 94 40 35 62 21 
22 43 95 47 24 20 49 89 34 91 25 70 66 94 40 64 90 3 1 7 11 2 
23 31 82 18 80 57 10 49 42 69 40 30 75 72 45 12 
33 79 49 89 60 62 
7 11 54 2 
38 93 63 14 34 6 25 70 99 50 1 19 44 
31 78 48 68 83 18 98 24 66 99 64 87 67 15 21 
38 23 22 43 46 33 78 83 79 53 57 17 52 58 25 35 50 96 75 67 11 73 84 21 
36 57 8 89 91 60 39 85 76 88 81 15 65 
89 39 3 4 84 
38 23 83 82 55 10 27 25 9 87 96 62 
23 93 28 98 17 20 34 52 58 70 69 39 7 2 
22 95 18 55 89 
43 93 48 77 98 55 27 34 58 60 99 97 4 26 67 15 12 11 2 
77 18 51 42 66 75 7 
38 23 41 83 98 14 36 55 57 10 99 9 94 92 81 75 1 
31 46 41 28 77 82 18 79 24 57 49 69 5 30 76 4 1 32 12 84 62 
46 33 83 47 28 82 18 71 55 20 52 94 30 87 37 44 12 11 54 21 
38 41 68 83 82 71 53 55 10 49 5 9 37 26 45 15 
48 83 20 6 88 54 
46 33 41 83 28 29 79 24 51 80 57 10 27 89 91 6 52 74 61 88 72 54 21 
51 17 74 66 61 87 96 54 
78 68 63 18 71 80 27 6 42 69 90 50 96 88 7 62 
38 22 68 63 82 71 51 20 58 5 64 76 87 88 37 4 44 12 21 
38 23 43 41 48 79 8 58 42 25 69 5 64 30 35 50 4 7 72 19 44 73 2 
8 6 59 92 54 
43 46 95 93 41 68 28 63 98 57 27 42 25 59 61 87 37 
23 52 100 11 
41 14 53 91 69 59 39 87 88 7 62 
78 41 68 77 63 30 73 21 
95 18 36 80 42 13 87 88 37 
38 22 31 95 36 89 6 74 60 64 35 90 81 75 65 84 62 21 
23 
23 22 93 68 63 79 58 74 86 64 19 32 65 54 
31 95 93 78 56 28 63 53 42 64 50 81 67 15 12 11 73 62 2 16 
22 93 78 82 14 36 24 27 20 89 70 9 39 40 81 54 2 
37 84 
55 80 10 8 61 64 88 4 
28 24 53 80 58 42 70 13 39 40 64 30 90 88 19 73 
78 57 40 1 73 
92 
22 31 46 68 63 53 80 49 6 61 75 26 84 2 
23 31 77 14 80 8 25 70 60 69 5 96 3 4 72 45 44 32 
23 44 
68 83 63 51 20 66 69 3 
82 55 87 88 26 7 84 2 
38 95 78 48 56 63 71 91 58 70 61 75 19 
93 68 63 14 71 55 66 69 59 39 90 97 7 72 54 16 
22 48 68 56 77 63 27 49 6 60 61 85 30 92 50 15 12 16 
10 58 25 76 32 
22 41 28 29 79 27 8 34 70 9 94 88 75 7 12 11 84 62 
78 68 29 77 34 52 9 50 96 45 19 16 
38 78 29 77 53 17 52 58 66 69 4 19 32 73 
38 23 31 68 28 63 98 17 70 13 66 61 99 50 81 73 84 
43 63 82 57 40 44 62 
22 71 36 34 91 60 7 45 11 84 
38 29 57 97 75 4 7 15 32 12 
33 68 28 63 24 20 34 74 60 5 40 87 96 97 88 72 15 
68 24 39 85 72 
46 56 63 10 13 86 35 97 7 72 73 
23 95 33 41 48 28 82 18 70 100 9 39 94 4 26 54 
23 22 31 46 33 41 18 98 71 57 10 20 49 58 60 35 96 81 37 45 67 
23 95 41 47 63 82 36 70 5 40 50 54 
93 47 24 66 19 54 
38 33 68 29 77 79 10 20 59 39 94 30 92 75 1 
38 22 93 68 77 82 53 51 57 20 34 86 9 76 96 1 15 
22 95 77 82 14 10 20 13 66 86 3 4 
43 31 33 28 71 24 17 74 100 15 
23 31 48 63 79 36 52 25 99 64 92 90 97 81 62 21 
27 17 70 30 76 
41 83 47 29 63 14 51 80 8 6 52 70 13 59 64 4 26 7 65 
43 14 58 13 99 54 
31 93 33 68 24 51 8 91 58 13 99 88 67 12 21 
23 41 28 63 18 36 55 80 58 60 100 39 97 81 19 32 
33 7 
78 79 61 5 64 16 
85 35 
98 5 40 76 44 
23 22 31 78 68 18 36 53 91 58 13 69 59 5 94 92 97 3 75 15 73 
83 8 69 97 88 75 26 65 84 
53 80 20 100 75 62 
23 95 93 83 47 79 53 27 8 49 13 99 94 76 1 21 
31 93 71 36 20 42 66 99 39 94 35 45 44 54 62 
43 31 95 78 56 28 63 71 8 25 74 59 9 39 94 76 50 97 4 26 72 32 62 2 16 
38 93 48 24 55 10 89 42 74 61 39 50 37 1 7 44 73 21 
79 
95 78 48 47 56 82 79 53 55 51 20 8 6 60 86 59 61 87 97 3 1 19 11 54 
63 18 9 30 
83 
31 46 95 33 78 56 77 79 53 10 89 34 6 58 42 50 3 81 1 
38 31 93 78 77 14 24 55 89 60 66 69 59 90 97 11 
38 93 68 32 11 
63 4 
38 31 46 82 55 20 42 40 35 50 96 
5 9 30 54 
23 31 33 82 8 34 6 85 87 4 15 11 54 
33 41 77 63 20 6 52 58 25 76 81 7 72 
93 83 63 18 79 53 55 42 13 66 86 59 35 1 67 19 84 
68 77 36 27 20 61 88 3 37 26 45 62 
93 83 36 17 99 64 
22 31 48 79 53 20 52 42 13 64 97 3 37 44 15 73 
33 56 77 63 80 10 17 34 42 86 87 88 75 4 62 
29 18 27 59 97 65 21 
95 33 29 82 24 20 8 91 5 99 9 90 87 96 81 
56 79 36 27 20 34 25 86 69 40 92 32 12 73 
89 58 99 76 4 11 
43 31 93 78 47 51 10 91 94 76 50 1 72 16 
23 46 93 41 83 47 14 17 6 13 69 9 50 4 67 21 
83 47 82 98 53 30 65 54 
31 46 41 83 28 29 77 20 91 61 99 39 85 26 7 72 19 32 73 21 
93 48 18 98 49 25 100 69 61 85 96 3 4 67 
8 
23 33 77 18 79 71 36 80 57 34 66 92 3 72 84 
38 33 41 83 80 57 8 89 58 35 81 72 67 32 
46 93 78 48 29 57 8 49 61 99 9 64 85 92 97 44 65 62 
23 22 31 41 56 24 80 61 99 75 4 1 65 84 2 
93 68 71 61 92 88 4 19 32 
38 23 93 48 18 17 89 91 6 52 60 66 86 64 76 96 88 7 67 19 73 
41 51 11 62 16 
23 42 19 84 
35 
51 42 12 
31 41 24 20 25 74 39 92 81 
53 90 7 
38 33 68 56 18 36 10 89 94 85 92 
22 48 58 74 69 26 
31 29 53 
41 48 82 24 55 80 39 94 40 3 75 72 19 44 
31 95 41 48 28 82 51 10 49 34 6 52 42 13 9 94 85 76 97 1 19 65 
23 41 24 51 80 91 70 100 59 5 99 96 
31 95 63 57 6 25 64 92 97 37 4 44 15 65 11 73 54 
23 22 43 31 48 56 80 17 58 59 5 99 40 64 90 76 96 97 75 62 16 
56 71 25 26 62 
23 46 95 33 41 83 63 14 57 17 49 58 25 99 64 92 90 96 88 3 75 4 67 19 
38 43 46 33 48 24 10 25 69 5 30 96 3 7 45 11 21 
48 29 18 14 51 57 17 89 52 42 25 100 99 94 40 88 81 75 37 7 32 16 
68 51 69 30 4 2 
25 100 11 73 
95 53 32 
31 79 98 36 24 27 20 49 34 91 58 25 86 99 39 90 26 15 12 
17 34 
23 95 
93 98 55 80 6 13 39 96 88 4 
31 47 56 28 77 82 14 57 60 87 3 45 11 84 21 
43 48 47 24 6 25 66 69 3 12 2 
47 24 55 52 87 96 88 19 73 16 
46 63 14 8 85 35 3 4 
23 22 43 95 29 77 55 27 49 6 74 100 61 50 3 37 7 
38 22 95 56 63 18 71 27 8 91 6 69 94 3 37 4 65 
38 48 14 51 59 5 85 90 19 65 
38 33 78 48 83 24 91 60 40 64 76 12 
95 56 98 20 6 42 69 35 87 88 12 21 
93 36 20 6 52 42 66 86 5 45 
48 47 77 36 80 20 42 
43 77 63 80 6 52 70 60 99 39 30 90 88 3 54 62 
31 41 48 83 29 18 6 25 70 74 13 9 97 37 1 7 21 
38 31 27 34 66 61 5 40 90 87 96 72 62 
23 31 41 28 63 82 25 61 
93 48 63 71 53 80 8 58 69 94 64 96 37 65 73 2 
23 22 33 79 24 17 49 89 91 52 86 59 99 64 50 96 81 26 44 
38 31 46 93 48 56 77 36 53 34 74 100 13 69 39 92 35 45 12 
48 28 63 89 6 61 92 3 7 44 
22 95 93 47 29 18 14 51 10 17 20 91 70 100 86 61 1 7 54 62 
38 23 95 33 78 47 28 18 49 60 69 9 30 50 72 44 84 
23 43 95 33 77 80 27 91 59 61 9 94 30 90 97 88 3 1 67 15 2 16 
38 43 78 56 28 29 77 55 80 10 49 91 25 74 69 59 97 81 15 21 16 
31 83 4 84 
14 71 57 10 8 66 69 92 45 73 21 
23 43 95 63 79 14 71 24 51 10 42 70 100 76 50 96 97 88 4 45 19 84 
43 41 8 100 61 40 92 35 26 62 
31 83 27 20 91 5 15 21 16 
23 43 82 8 13 5 64 75 
38 43 95 82 57 25 40 50 67 
38 43 31 91 66 94 30 92 88 3 26 32 54 84 
22 31 41 57 27 91 25 5 92 97 15 
23 46 33 56 29 98 57 20 89 34 42 100 61 99 75 26 62 2 16 
95 53 55 8 9 
23 46 93 48 66 99 87 72 11 54 
38 43 56 18 98 10 89 60 100 94 40 85 90 87 50 81 4 1 
38 33 14 57 89 91 94 64 92 76 96 3 81 4 15 
41 88 45 
23 43 46 41 79 24 51 57 6 86 69 99 76 50 44 21 
23 22 71 55 57 27 49 42 70 85 75 44 54 21 
33 98 20 99 75 
95 78 28 18 36 51 34 58 42 100 50 37 7 16 
43 29 17 58 25 13 69 61 40 85 92 35 76 88 81 72 15 32 2 
31 95 93 33 47 28 18 71 36 57 34 6 70 74 13 92 76 81 21 
38 43 93 41 53 57 27 49 74 61 5 90 76 50 88 19 
46 77 14 36 8 100 13 9 3 12 73 
47 29 79 36 24 27 91 39 94 90 26 45 19 12 
95 68 83 47 29 79 71 57 10 20 89 58 69 94 50 1 19 15 12 73 62 16 
23 57 32 
95 93 8 60 
38 23 22 95 82 18 79 71 53 55 57 52 42 100 59 9 97 72 44 21 
48 77 82 27 58 100 61 94 40 87 81 26 
38 68 28 55 57 17 34 37 72 19 12 73 
38 22 93 83 28 80 10 17 8 5 99 50 96 81 19 2 
23 64 
93 33 68 83 71 51 80 10 27 25 99 40 97 67 54 62 2 16 
93 28 29 79 98 36 20 49 89 91 100 59 99 96 4 84 
23 43 46 93 18 98 17 49 3 7 19 44 32 
48 29 98 10 8 49 42 59 40 64 85 92 81 75 1 15 62 
23 22 78 68 34 66 35 87 19 44 
93 77 55 27 17 42 92 7 
46 95 78 13 90 88 54 
38 43 31 46 83 47 28 29 10 100 86 94 85 90 76 4 1 19 44 
38 22 46 71 55 60 59 35 3 67 12 
46 33 78 41 83 98 55 20 25 100 39 40 85 76 1 
47 82 14 57 8 13 92 87 
41 74 59 35 96 97 21 2 
22 78 48 83 77 14 10 91 42 86 59 61 94 64 1 65 11 54 
31 93 41 68 83 56 71 24 55 34 58 66 99 92 35 76 50 88 72 54 84 
43 93 56 63 82 18 79 36 27 20 60 69 5 9 30 90 96 26 72 19 
31 80 75 2 
22 13 59 92 
48 47 14 57 8 91 25 13 66 86 92 35 7 32 12 
68 47 51 27 58 25 74 67 19 11 2 
22 43 82 39 64 75 
38 56 18 14 80 10 89 34 91 42 25 74 13 59 85 92 90 81 32 54 84 2 
22 71 36 24 70 59 92 4 45 
28 20 13 44 32 21 
71 24 20 8 49 58 42 70 60 61 32 
38 43 83 58 42 74 86 99 64 81 45 44 
23 31 78 56 36 27 17 89 6 42 25 100 61 76 75 45 19 65 11 73 54 
91 94 
22 95 83 77 98 55 57 10 20 34 100 13 61 9 4 45 19 
22 46 96 
93 28 77 24 10 27 17 91 25 66 59 40 3 7 72 67 
23 78 98 20 40 90 87 96 97 75 4 1 
38 43 78 48 36 57 94 90 50 72 67 12 2 
47 55 5 
78 47 29 18 27 74 30 81 
24 57 60 
38 95 93 48 47 63 14 36 55 70 7 45 67 84 2 16 
33 78 18 55 10 20 6 100 66 86 61 64 76 1 62 
22 31 56 82 79 14 27 20 8 60 100 66 86 59 96 88 3 11 16 
46 83 29 82 14 71 55 20 42 61 30 1 72 67 19 21 
83 79 36 51 80 57 34 74 59 61 94 64 92 90 81 1 7 
78 27 20 
46 33 48 52 66 30 4 
14 64 
38 23 93 33 41 68 14 71 53 91 52 60 86 61 9 94 85 50 81 26 11 54 
22 29 18 27 17 5 39 87 3 37 26 45 
48 63 13 62 
95 98 14 80 20 91 30 4 72 15 
38 95 48 77 63 82 98 36 8 49 86 69 99 30 35 88 37 7 67 73 54 
68 29 79 8 52 58 25 37 26 15 12 
95 80 20 61 35 76 75 1 72 73 
23 78 47 36 57 20 65 
78 68 47 56 14 10 27 20 6 58 13 59 61 9 39 90 97 4 
48 80 34 60 13 86 59 50 96 
33 47 24 57 17 34 13 30 50 44 
22 47 29 77 55 80 57 10 17 13 86 39 94 26 65 12 73 21 
68 63 82 17 69 40 21 
38 23 43 46 93 83 53 55 51 66 5 39 30 35 76 97 3 1 
38 31 78 48 24 80 89 42 85 30 3 37 12 11 2 
22 33 77 80 57 42 13 39 85 90 76 96 37 45 65 84 
59 88 
14 34 42 74 60 86 99 35 3 4 72 12 84 62 
38 23 31 33 28 63 79 55 57 27 91 69 59 92 35 76 45 21 
78 79 53 27 17 60 100 9 92 90 96 88 81 26 7 45 15 32 11 21 
47 18 55 8 89 91 40 3 37 1 32 
93 33 48 51 20 89 6 25 59 39 85 30 81 1 19 65 11 21 
95 77 63 14 71 51 13 9 40 64 75 26 
46 33 68 56 28 20 8 49 52 74 69 61 5 76 81 1 45 67 65 
38 22 83 47 24 80 20 34 58 60 5 94 64 35 90 50 44 
77 82 76 84 62 
41 61 64 3 
46 33 78 82 36 97 26 54 
28 79 24 10 9 65 
78 56 29 70 74 86 64 88 4 21 
23 33 51 10 89 34 60 69 59 7 67 12 
22 33 28 79 89 70 5 9 39 32 62 
38 78 28 82 79 98 36 20 89 70 60 9 92 50 3 26 19 62 
56 80 49 52 3 2 
23 33 18 57 10 49 60 88 65 
38 31 93 63 91 13 99 40 92 88 11 73 54 2 
78 71 55 10 74 64 3 7 16 
14 71 100 99 65 
46 48 63 14 27 17 25 60 100 96 4 32 65 11 84 21 
38 95 93 33 78 63 98 14 71 27 89 25 70 74 13 86 37 11 54 
78 47 20 100 86 94 81 
46 93 28 79 57 70 66 86 99 40 54 
22 46 47 24 53 51 27 34 6 9 90 87 97 88 45 15 65 54 21 
22 79 25 86 61 37 54 
43 82 55 6 42 54 
93 77 63 27 49 52 74 39 94 90 88 72 62 
83 28 82 36 42 100 69 64 75 4 26 2 
68 53 91 64 75 45 67 32 
41 68 77 24 17 20 42 74 66 30 72 
46 48 63 79 51 17 34 74 86 61 39 94 30 90 3 4 44 32 84 
95 71 55 10 8 25 70 13 5 40 92 32 21 
48 47 56 79 6 42 60 5 87 97 75 1 67 
46 95 68 28 14 51 17 34 60 59 99 30 87 3 75 7 72 67 54 84 
78 83 71 53 55 51 80 94 26 
78 68 56 28 29 18 10 49 13 66 59 61 30 76 88 81 37 
23 31 68 14 53 60 85 
10 39 90 88 75 19 
43 31 68 83 58 87 67 
38 31 78 83 47 28 29 53 89 25 100 59 61 40 85 35 90 4 84 21 
47 34 52 25 61 40 67 32 
93 82 66 81 
95 41 51 52 59 99 40 65 
95 68 28 63 57 6 66 92 2 16 
43 95 71 10 42 5 99 97 19 15 54 84 16 
95 27 49 26 
53 92 62 
95 93 18 27 17 49 58 42 70 5 39 92 90 76 87 97 3 75 37 26 44 73 
90 7 
28 98 24 57 34 6 52 25 74 86 99 64 85 15 12 84 
22 66 54 
78 14 24 8 34 6 60 66 5 81 62 2 16 
28 80 16 
95 33 68 82 8 49 13 66 39 30 92 7 65 73 
38 95 18 98 99 65 
33 68 52 70 74 5 81 37 72 
38 31 46 93 47 29 82 36 80 34 91 60 64 92 87 97 44 65 12 2 
23 57 89 91 52 74 100 86 35 50 37 7 72 45 
31 33 27 74 86 87 26 12 
23 33 78 68 56 98 14 71 36 8 52 58 69 40 81 45 65 11 
38 
43 95 48 68 56 77 79 53 55 57 86 59 5 39 94 85 96 75 45 44 32 
22 68 28 77 24 66 5 64 97 3 72 12 
31 10 52 25 9 65 73 21 
30 15 54 62 
38 57 49 52 70 65 11 21 
46 93 48 68 83 29 79 71 24 27 89 91 6 58 42 59 40 76 50 75 72 44 65 
68 47 79 98 80 17 70 5 9 94 64 90 97 67 62 
31 8 89 58 87 
23 47 18 71 20 66 64 3 16 
41 48 58 76 75 
46 56 77 20 70 60 61 9 7 12 
38 23 31 33 78 68 56 80 10 6 25 69 61 39 85 92 3 1 44 62 
38 
38 46 93 33 68 83 47 86 90 81 19 
95 14 57 27 20 49 34 91 74 69 59 39 85 1 7 45 65 2 
38 43 31 95 33 48 83 56 63 98 55 10 17 49 25 13 66 69 40 85 26 62 
23 22 31 46 48 79 24 80 20 58 42 13 90 76 50 97 2 
46 82 14 24 20 25 64 65 11 
31 95 33 78 83 28 18 71 10 74 30 35 15 
23 22 93 33 28 24 80 10 17 49 34 91 70 100 13 69 9 39 87 1 72 73 
52 
95 77 79 71 24 8 89 25 86 85 81 7 72 11 54 2 
38 46 33 41 24 53 57 17 20 49 89 34 6 87 50 97 88 4 72 
38 22 31 93 36 10 85 7 67 19 12 2 
79 55 10 6 100 40 75 32 
43 33 77 18 79 71 51 27 17 89 58 70 59 5 85 90 76 37 19 65 12 
43 82 79 24 57 100 90 1 26 44 
38 47 36 80 89 58 66 69 61 76 50 4 45 65 
93 68 61 
98 91 66 9 94 30 97 81 19 
17 89 42 97 12 
95 93 33 41 18 24 55 51 70 100 66 61 5 39 94 64 3 81 75 19 32 
41 19 
22 31 41 51 20 52 58 25 66 86 61 85 35 88 65 11 
22 43 31 93 56 28 18 71 10 27 34 6 100 69 39 64 7 73 54 
77 17 40 90 67 16 
56 71 
83 71 53 20 60 100 9 76 12 
83 80 90 
38 93 47 56 28 79 98 51 57 58 60 86 9 94 85 92 3 75 4 45 
43 83 47 56 82 18 79 71 24 53 10 17 58 85 45 44 
31 95 33 68 56 29 82 20 34 1 67 65 62 
38 43 83 56 24 51 80 17 49 52 99 88 37 26 72 19 73 
68 29 77 55 80 39 87 44 
79 89 81 
78 48 68 98 53 
23 43 47 10 8 34 25 60 64 76 67 54 2 16 
22 46 28 29 77 79 71 57 66 87 96 26 65 21 
22 68 28 57 8 91 42 60 61 9 87 26 67 
23 22 93 41 48 28 79 53 34 66 69 9 39 85 92 50 
23 22 31 46 71 51 74 13 96 81 75 37 1 19 84 
38 43 83 77 82 98 71 36 10 61 94 64 75 44 
28 8 86 61 9 40 50 96 4 
43 46 27 17 60 100 88 7 15 12 62 
46 93 63 71 25 13 86 75 
41 63 82 71 34 60 13 66 69 5 9 30 92 81 72 45 67 44 2 
38 33 63 18 98 14 8 52 100 85 30 97 75 26 72 45 67 12 
56 53 91 52 100 50 4 
38 23 43 33 78 47 27 20 89 5 9 30 92 7 2 
23 22 41 82 55 80 57 100 13 40 64 35 45 15 12 
43 78 28 98 10 34 58 86 99 9 30 75 4 26 16 
48 18 91 66 86 
95 82 18 24 57 89 94 81 15 
31 48 56 71 24 80 17 25 59 5 40 50 11 
31 47 14 55 5 92 90 75 73 54 
38 33 77 18 53 27 49 25 74 60 9 90 54 
38 95 47 18 14 80 52 25 59 94 85 12 84 
20 49 37 32 62 
33 78 41 56 17 8 89 34 58 69 39 35 3 26 19 11 
23 33 78 68 28 77 10 17 20 8 49 89 52 60 66 96 3 81 12 62 21 2 
38 46 41 48 83 56 63 20 91 6 60 86 69 99 85 88 3 7 19 16 
31 33 83 63 82 18 20 42 25 66 5 99 9 92 90 26 19 65 12 11 73 84 2 
33 48 29 82 14 71 51 80 57 20 35 88 1 44 84 
46 56 77 71 57 17 91 25 69 39 94 40 3 81 54 
78 48 77 18 79 55 49 69 5 9 96 72 45 65 
33 47 29 18 14 36 80 57 10 6 52 60 66 39 94 75 37 54 21 16 
23 56 28 77 24 57 60 66 92 87 96 97 75 32 54 84 21 2 
22 43 93 18 89 99 94 40 35 76 3 4 26 54 2 
23 68 55 10 25 74 5 85 50 96 75 4 45 32 16 
36 50 81 
93 82 27 8 91 52 58 42 5 76 50 1 54 
71 60 99 30 76 3 7 72 45 67 
22 14 52 61 99 64 62 
46 78 48 28 79 51 34 52 58 100 85 76 88 26 72 44 32 84 2 
77 57 10 27 8 87 96 3 7 72 67 11 
41 71 61 94 64 76 96 4 
22 47 79 71 24 80 91 6 58 99 90 97 1 7 67 15 
38 23 22 31 33 68 82 18 55 8 49 89 91 6 42 99 39 35 50 1 19 21 
48 10 74 35 
22 31 93 55 13 66 69 59 99 39 64 92 76 75 45 19 32 2 
43 30 35 
22 48 68 56 77 63 98 71 55 8 52 25 60 35 50 97 81 1 67 65 84 
46 77 18 79 71 24 57 20 58 69 87 50 26 72 67 32 11 
23 43 95 77 57 27 91 52 66 94 3 75 15 21 
28 90 
21 
33 53 25 69 30 50 1 15 65 84 
79 49 25 74 13 59 5 84 
27 85 
68 47 29 63 82 18 71 55 89 34 91 52 25 60 100 13 59 5 76 87 50 26 7 32 21 
93 28 30 87 97 44 54 
43 98 14 71 24 57 49 86 59 30 90 87 88 37 45 15 32 65 62 
38 79 53 51 27 49 89 70 86 9 64 92 81 12 11 54 62 21 16 
38 23 93 68 28 51 57 10 27 8 52 60 69 39 96 97 81 67 19 12 73 2 
69 76 21 
38 31 46 48 29 18 53 55 51 27 8 9 37 65 16 
38 22 93 33 83 47 77 98 55 27 8 49 25 74 13 59 61 5 94 87 81 32 54 
38 71 58 88 
95 47 29 82 74 66 9 30 88 26 67 
22 31 68 56 18 79 14 60 12 
38 22 43 82 79 53 6 25 70 60 39 40 92 87 88 72 67 19 11 
63 82 51 58 69 81 19 65 84 2 
31 46 29 82 79 53 27 59 5 85 90 37 62 
23 98 13 26 45 
43 33 48 68 83 14 36 24 53 80 17 89 34 42 9 92 87 88 3 67 44 32 73 
46 95 41 36 10 20 49 34 39 30 96 72 67 32 73 
95 63 82 79 53 55 80 6 25 70 60 5 75 4 19 44 
19 
46 36 20 49 34 69 9 87 96 97 88 37 26 7 67 15 62 21 
23 33 41 83 79 10 
38 33 82 53 51 89 34 25 70 69 61 99 9 30 50 81 4 12 
23 43 33 78 77 63 79 55 8 49 61 39 92 37 26 44 32 65 12 54 62 
43 68 36 49 89 34 6 52 92 90 97 75 26 45 32 11 73 
83 74 12 
23 33 78 47 27 89 52 59 5 30 96 3 7 
22 36 27 20 91 100 86 40 64 30 97 4 44 65 84 
33 47 79 14 71 55 51 8 91 60 40 81 21 
31 70 
68 82 53 45 84 
38 23 33 98 14 57 8 6 52 70 60 100 64 35 87 75 26 32 12 
28 63 18 10 61 85 37 
18 36 17 20 49 70 61 88 81 4 1 26 72 44 15 
10 60 13 50 15 
22 77 70 13 39 94 85 50 4 32 
52 92 50 3 37 84 
46 71 58 13 9 85 92 96 4 54 
43 51 26 16 
29 6 99 64 85 76 
38 23 83 47 24 53 51 57 27 42 59 5 85 92 76 67 
95 56 79 53 51 80 89 74 60 40 30 4 72 21 
47 27 91 52 42 76 7 73 
22 31 78 68 36 57 20 8 9 85 87 26 11 2 
31 41 48 83 56 77 80 89 70 60 100 13 69 59 39 40 64 87 26 7 15 73 62 
95 10 6 52 25 100 13 99 94 30 37 2 
43 48 47 14 57 42 74 100 69 99 9 76 7 72 21 
31 71 55 57 17 74 61 5 99 9 40 30 76 87 96 37 44 32 
31 79 53 74 66 50 1 
72 62 
46 47 70 5 50 81 75 4 
41 80 10 60 92 87 96 21 
31 46 47 56 55 80 27 20 86 4 2 
43 49 70 85 50 1 7 72 32 62 
93 53 17 61 97 62 
83 47 77 71 25 59 9 97 73 16 
38 47 28 63 51 80 6 74 86 40 85 35 88 
23 43 46 95 93 78 83 82 18 14 36 53 20 58 13 59 40 90 96 19 15 
46 95 93 68 79 27 89 42 25 86 35 4 45 44 84 
23 14 53 8 97 4 45 
29 36 52 64 73 
23 83 56 82 18 79 51 91 42 70 39 85 92 90 76 97 4 15 12 11 84 62 
93 36 39 40 65 
47 
46 48 68 18 24 57 8 89 34 66 69 99 94 92 50 97 37 19 32 65 
23 43 46 28 14 71 24 80 10 27 49 6 42 100 69 39 97 75 11 
43 33 63 70 66 5 9 30 2 
38 46 48 83 82 98 51 58 70 86 69 92 19 54 62 
38 95 41 18 98 80 17 8 91 58 100 59 5 40 35 75 15 73 
23 93 83 98 14 24 89 34 91 70 100 13 86 39 94 92 35 88 12 2 16 
43 41 28 29 79 98 14 55 17 8 60 99 88 19 16 
23 31 48 8 69 59 90 50 67 19 
23 43 95 93 68 83 63 98 71 57 89 52 66 86 99 85 76 96 26 7 72 73 21 
31 46 70 64 11 21 
31 95 33 48 68 56 53 10 34 60 59 50 96 88 37 7 32 73 16 
38 79 98 27 34 70 74 86 5 39 30 76 3 75 4 1 26 15 
22 48 28 20 8 74 69 35 76 87 97 45 15 84 16 
95 29 63 57 87 67 16 
48 68 83 77 36 27 17 8 34 25 61 85 50 88 72 73 54 16 
29 63 53 51 91 42 13 65 
23 33 56 77 18 52 60 1 
38 95 47 82 98 80 57 58 59 9 96 4 44 11 
31 46 95 93 33 68 56 14 80 20 89 52 58 61 5 99 39 35 3 32 84 2 
23 56 36 17 13 97 88 19 62 
23 41 56 63 82 98 89 91 52 42 87 97 26 62 
82 17 8 52 25 61 85 30 92 72 
71 57 
56 63 14 34 91 100 5 35 90 19 44 32 73 54 62 
43 41 17 49 42 13 39 40 67 12 
23 33 51 17 20 60 13 86 75 44 
43 46 95 68 29 77 63 14 55 51 20 49 52 5 94 97 88 26 45 54 
78 48 28 77 14 71 36 20 49 6 52 99 76 4 19 65 12 16 
43 48 18 14 36 17 20 49 89 52 100 13 40 85 88 75 72 12 84 62 16 
43 69 26 7 15 
93 48 63 18 36 53 55 80 57 17 60 100 5 75 37 4 7 65 84 
33 47 29 53 51 49 58 66 61 85 35 90 72 15 32 11 21 
33 53 1 26 
38 22 48 77 24 80 70 99 94 87 4 11 73 
22 31 46 33 78 48 83 56 29 77 82 51 17 8 89 34 25 74 40 64 75 12 84 
78 41 36 27 20 49 100 13 5 40 76 97 37 67 
87 54 
46 33 68 63 71 24 55 69 94 92 96 3 45 54 
43 95 48 83 47 79 53 17 49 89 58 25 3 4 19 15 
31 33 48 68 28 63 53 80 8 42 25 74 13 69 61 39 85 1 7 32 
53 20 66 90 45 
38 23 46 33 78 68 47 74 94 40 30 87 19 
56 29 63 18 71 24 51 49 6 59 5 99 94 64 30 50 1 67 73 54 
98 80 34 91 6 86 40 32 
29 53 72 65 
23 22 56 82 14 53 89 34 91 74 60 59 96 75 19 44 15 84 16 
23 93 33 47 79 36 24 17 34 70 39 35 3 44 32 2 
98 75 45 
46 33 47 53 49 66 39 76 67 73 
38 93 68 98 53 20 34 6 13 59 61 90 76 50 75 45 
33 83 63 14 71 57 8 60 13 85 96 4 32 2 
27 21 
38 43 31 46 95 78 24 51 10 49 74 13 61 39 94 64 88 72 44 15 54 84 
91 13 94 67 19 
56 10 58 66 99 62 
47 27 39 
38 78 98 36 57 13 86 99 9 40 96 1 65 84 
89 35 90 12 
38 31 33 41 63 6 100 50 11 84 16 
47 28 29 91 58 70 100 9 64 85 76 96 
98 80 27 6 11 
31 93 48 47 98 14 51 70 13 64 30 92 44 2 
38 22 78 68 28 42 25 74 100 35 96 81 15 2 
20 76 32 62 
31 46 95 93 68 83 82 79 98 36 53 20 58 100 69 61 9 92 90 96 75 32 
83 18 58 
23 46 41 29 53 80 27 91 85 92 97 88 15 73 54 21 
28 25 70 86 1 67 65 
78 29 55 17 91 6 25 99 9 30 37 
43 93 41 51 61 88 32 
48 68 24 53 8 34 58 25 87 44 15 65 12 54 
31 77 13 66 94 40 35 37 67 44 12 73 2 
95 56 28 79 89 66 92 50 3 72 15 
20 8 89 42 100 61 40 92 90 76 88 3 67 19 44 
95 93 29 82 10 91 42 61 5 90 4 1 2 
43 53 89 34 91 52 58 66 64 92 35 87 96 3 4 45 12 73 
43 31 95 77 18 14 51 80 8 61 5 30 35 50 37 7 45 67 44 11 16 
93 78 18 24 80 10 27 20 34 6 58 66 5 99 40 85 97 72 19 11 
22 46 78 47 63 18 79 55 8 74 40 85 35 7 
31 28 29 
83 28 63 89 34 58 42 74 86 85 35 50 3 26 45 2 
93 41 48 63 98 51 57 6 74 66 85 30 92 90 50 96 3 67 19 32 
38 78 68 83 98 25 86 30 97 7 65 
43 95 57 10 17 8 49 91 6 74 85 30 81 45 65 
22 31 93 29 98 51 6 59 99 39 94 97 88 1 11 21 16 
93 29 71 80 8 100 40 64 35 88 72 67 54 84 2 
93 41 68 29 82 18 14 36 8 49 34 70 60 86 94 35 76 3 65 12 73 
22 33 78 41 83 24 42 74 60 100 94 96 97 1 32 84 
31 33 41 29 71 36 53 51 74 86 94 40 30 81 75 4 26 7 11 73 54 16 
38 68 34 19 
43 56 29 77 18 36 51 10 8 42 13 64 97 37 11 
28 80 91 86 5 35 26 
43 
22 33 41 48 47 56 71 80 42 5 40 64 30 92 50 1 72 67 44 65 
38 22 93 41 68 47 51 17 49 74 86 69 59 99 94 64 81 54 84 
95 47 28 82 17 49 58 25 74 69 9 94 35 7 45 
77 57 17 6 13 69 50 96 81 84 16 
95 93 83 77 86 99 76 50 97 7 
31 93 41 79 36 10 20 6 42 66 30 92 76 96 67 11 73 
38 48 29 77 14 10 49 70 86 69 59 99 97 75 19 32 12 21 
51 90 
43 31 68 47 18 79 98 71 89 74 61 37 7 73 21 
22 29 63 79 89 37 32 73 
23 31 77 71 24 53 27 74 13 40 88 72 44 15 65 73 54 21 
95 56 18 14 71 34 42 74 66 69 61 5 9 40 30 90 3 32 
38 43 31 95 78 83 28 36 10 52 86 59 5 9 40 50 3 7 19 62 
36 55 51 66 30 84 
55 27 
78 48 6 
23 63 82 10 25 66 5 45 12 
18 80 49 60 61 11 
23 46 51 89 5 99 87 84 
46 95 47 29 14 36 57 8 25 70 74 100 40 30 92 87 50 97 3 72 12 62 
41 29 71 8 34 91 39 94 92 90 76 96 3 37 4 84 62 
38 51 80 91 52 100 85 37 7 45 
46 68 63 82 71 8 91 6 59 61 39 40 64 76 88 72 45 67 32 65 54 2 
31 95 33 56 71 24 55 57 27 34 6 42 74 9 39 85 35 3 26 45 11 62 
38 22 46 93 68 47 53 80 57 8 34 30 92 81 75 1 72 45 15 32 
83 28 70 30 97 1 15 84 
38 23 83 56 28 77 71 53 58 70 60 66 86 61 97 72 15 
89 6 37 
46 93 68 56 79 24 17 34 52 13 99 40 64 76 88 45 19 12 16 
38 82 24 25 60 90 73 
22 43 18 24 57 20 89 25 60 100 66 90 96 7 45 
78 47 18 55 89 91 58 66 5 88 67 
43 95 33 56 14 71 20 49 52 25 74 60 66 59 92 90 3 37 7 72 12 54 
89 
23 56 53 55 51 60 66 5 3 75 15 
23 43 93 56 82 71 24 51 10 91 6 25 66 64 92 87 44 32 12 62 21 
43 89 13 66 99 32 
65 
22 79 80 57 6 74 9 76 50 21 
93 78 28 55 20 89 52 59 61 39 90 87 3 15 21 
78 47 24 53 60 
41 49 88 65 21 
78 71 51 49 85 72 
78 28 18 49 74 35 96 75 72 16 
48 80 70 13 99 50 3 44 73 
38 95 93 78 41 68 83 47 28 77 80 49 70 5 30 35 88 75 32 54 21 
48 83 29 63 36 53 57 89 42 99 9 94 64 30 90 87 3 37 4 11 84 2 
23 31 83 56 98 80 17 20 91 6 42 66 86 15 2 
46 93 28 57 8 42 100 66 90 50 3 81 32 73 
78 47 82 36 57 34 52 58 59 99 39 81 37 7 45 
31 41 28 55 100 5 97 75 26 7 67 44 12 62 21 
38 43 93 36 8 49 1 84 
46 33 68 28 77 10 6 42 100 86 69 39 64 76 87 37 7 15 65 11 73 84 
95 47 28 79 98 24 6 74 5 94 45 
38 41 47 63 71 6 40 76 45 
33 14 58 76 
23 95 47 24 6 52 66 69 96 4 26 
23 95 48 28 77 14 51 80 17 100 66 94 64 85 87 96 97 3 4 72 62 
23 29 77 80 6 52 42 100 99 9 94 64 96 
43 79 24 57 58 70 60 59 94 40 64 92 96 3 26 11 84 16 
38 95 83 56 53 55 10 27 52 60 86 5 88 3 81 75 7 19 73 21 
20 13 90 87 88 37 26 65 
29 98 14 57 20 49 89 13 59 61 90 3 37 1 
46 29 100 30 2 
33 83 56 77 82 79 14 36 80 58 3 81 75 26 67 2 
14 8 70 13 59 94 30 73 62 
38 23 95 78 57 91 70 100 86 99 39 76 50 72 16 
43 31 41 29 18 79 36 17 25 100 69 39 90 50 19 62 
23 93 83 77 63 82 71 55 51 17 49 86 69 64 85 30 96 37 4 1 15 
38 31 46 56 55 52 58 66 26 21 
38 23 61 39 1 26 73 
31 95 83 89 6 70 88 1 73 
67 65 
91 86 35 
23 93 47 63 82 53 10 42 25 86 59 61 9 88 26 19 12 73 
63 79 66 69 94 30 87 45 
95 48 83 47 18 79 53 27 89 6 42 69 9 85 30 75 26 67 44 62 2 
22 83 98 52 42 25 61 87 54 
95 33 68 56 14 36 57 10 99 9 97 81 67 16 
29 55 5 92 90 88 62 
22 46 95 78 48 47 77 17 13 66 86 85 76 50 96 88 75 45 44 65 73 2 
22 43 78 41 63 14 36 57 8 58 70 13 66 69 99 50 88 37 7 67 15 12 
38 23 95 93 33 48 68 77 18 98 34 25 9 85 50 19 
38 68 56 82 18 14 53 55 27 91 25 99 39 96 88 75 44 12 54 84 16 
29 77 51 89 13 7 
55 15 
38 23 78 63 79 98 55 49 89 34 42 25 64 50 96 88 75 37 72 45 44 12 54 
38 22 82 18 79 8 91 25 70 100 69 61 3 75 37 4 32 
38 33 51 40 
23 43 31 82 36 24 20 58 66 72 45 32 73 62 16 
38 93 33 77 82 18 71 80 20 58 42 86 5 40 64 85 96 3 72 44 73 54 62 
22 47 29 71 57 10 52 58 86 39 94 35 96 37 19 44 65 73 62 2 
22 31 77 98 51 10 8 86 59 99 96 3 37 12 
78 98 80 20 89 42 66 76 88 3 12 
46 78 77 63 18 20 49 25 59 87 4 72 32 12 73 2 
43 33 98 12 54 62 
48 71 74 9 87 1 44 
38 79 49 34 91 52 90 97 45 73 
78 51 52 
27 
46 63 17 34 74 60 5 9 87 84 2 
89 91 42 25 100 90 3 84 
23 78 86 19 21 
22 43 31 46 18 98 14 24 8 42 100 66 61 5 85 19 32 84 
33 83 47 24 8 58 99 39 87 3 45 12 84 
36 53 8 30 37 15 
22 31 78 68 28 63 6 25 86 40 92 4 1 65 11 54 62 2 
95 
31 33 56 57 52 59 99 85 
93 71 8 49 69 50 4 62 
3 
33 70 74 88 26 15 
22 31 95 33 56 77 18 14 51 10 27 89 6 5 39 35 87 88 44 65 73 21 
77 27 70 86 50 4 1 44 
78 56 82 36 49 75 
31 46 41 14 10 42 60 39 40 96 45 
55 30 50 37 
33 41 47 28 79 71 8 89 6 74 86 61 90 45 19 15 73 54 62 2 
43 14 58 
43 41 53 8 49 70 74 86 4 65 
43 41 83 77 14 24 60 86 9 39 64 7 
41 29 77 14 55 57 27 20 69 94 64 30 50 96 45 67 54 
38 22 31 93 48 47 56 28 18 14 71 53 10 20 8 42 74 64 30 35 76 87 15 
31 33 68 83 56 63 8 58 42 99 9 35 87 97 88 37 
43 31 46 95 48 56 77 18 98 34 52 58 25 66 30 76 81 1 72 44 12 73 2 
79 36 70 60 100 50 32 
71 9 
46 71 36 53 17 100 69 9 90 88 1 7 
23 93 33 78 79 55 42 96 2 16 
43 63 82 24 57 6 74 66 61 99 9 39 96 97 1 7 15 32 65 12 62 2 
23 83 47 29 77 82 79 24 51 10 27 20 34 6 52 70 66 99 40 35 75 65 
22 31 95 68 53 55 80 10 17 34 52 25 59 99 81 26 44 
43 47 51 80 49 100 13 61 5 40 35 90 50 96 97 75 84 16 
56 29 71 55 51 80 10 17 58 25 86 99 94 40 90 97 75 1 67 65 84 62 16 
23 33 41 63 18 98 42 30 92 37 12 73 62 21 
68 90 26 7 
23 46 41 83 56 10 27 6 92 87 97 88 1 62 
43 41 48 77 63 18 36 24 57 17 8 49 74 35 1 26 45 54 
38 98 55 10 5 92 
43 95 56 28 29 82 24 10 52 61 40 37 72 44 65 12 84 62 
23 33 78 47 29 98 24 91 42 74 100 61 92 3 81 32 65 84 21 
18 55 9 64 35 19 15 
41 20 49 52 58 59 81 45 
38 43 56 28 14 53 57 86 69 9 85 35 37 4 7 67 54 
22 68 18 71 24 53 10 52 70 100 13 85 87 67 19 
22 98 14 36 24 49 96 3 45 15 12 16 
55 42 69 64 50 7 
68 14 91 13 94 
38 43 46 83 18 71 53 57 20 86 50 96 88 3 1 65 21 
43 31 41 83 98 36 80 34 52 42 25 69 9 90 50 32 
56 98 14 80 17 6 15 65 12 62 
97 
22 41 68 47 28 29 63 18 36 53 20 8 42 25 60 100 66 86 69 37 7 67 65 84 
33 77 63 20 58 59 64 88 4 73 
43 31 78 48 56 98 36 55 89 59 99 64 85 92 26 7 72 45 32 
95 51 17 50 
23 22 46 78 56 28 77 71 17 20 91 60 100 40 64 35 50 37 67 15 32 73 84 2 
55 
48 56 29 63 79 24 55 49 89 70 66 69 61 39 85 76 50 75 72 11 54 
22 53 6 74 16 
6 52 
22 93 68 63 27 20 70 60 94 76 37 72 62 
43 68 79 36 53 10 8 89 74 100 99 35 3 73 
31 41 4 72 12 
46 93 63 57 17 20 8 58 70 60 5 39 64 90 88 11 
22 33 47 77 36 27 17 20 89 42 70 69 59 64 76 45 44 32 65 73 54 84 21 
55 80 19 
23 57 89 64 88 
23 22 33 28 77 63 10 52 58 25 74 13 86 5 96 4 26 45 44 11 
93 56 14 27 89 69 15 
22 31 41 83 82 98 14 10 27 17 52 42 13 9 85 76 50 4 7 65 11 21 
46 56 98 55 80 89 91 94 35 81 4 72 12 
41 63 53 57 10 89 42 60 59 5 9 40 96 97 3 1 72 62 2 
38 22 83 29 77 98 14 53 91 25 86 69 40 85 76 75 
60 
38 47 82 76 1 62 
38 43 46 93 78 41 56 77 63 71 36 80 89 42 25 99 35 76 4 12 11 
41 57 
31 28 63 24 80 27 6 25 74 40 32 11 2 16 
48 83 63 80 49 89 42 70 59 5 3 26 65 
77 82 35 
73 
28 8 58 66 88 7 15 65 
78 82 51 25 94 45 
82 10 60 85 97 4 
80 76 50 73 16 
48 77 36 53 80 8 42 66 64 30 90 4 45 12 
43 48 68 100 13 9 94 85 30 35 87 81 75 1 7 44 32 62 21 
38 58 
38 46 33 28 3 11 16 
46 78 41 18 24 55 57 27 6 60 13 69 9 92 87 81 19 
23 43 31 95 93 47 18 79 98 51 80 27 49 26 67 19 54 
38 31 78 77 80 52 60 100 59 76 97 26 73 21 
38 41 83 79 71 53 80 57 27 49 52 100 86 85 76 81 72 19 44 11 16 
38 95 41 56 18 24 17 6 52 42 70 13 66 59 40 92 26 15 32 11 54 16 
95 78 56 55 27 86 94 85 87 4 45 15 
38 46 93 41 56 82 36 17 100 59 94 40 92 35 1 12 
93 18 27 75 45 
22 46 95 33 78 82 14 71 36 57 17 34 6 58 70 40 3 37 26 15 73 
48 56 28 77 82 18 71 51 6 42 60 5 9 96 15 84 
38 23 93 41 48 28 71 8 34 42 85 50 1 26 7 67 32 21 
36 74 2 
91 66 69 40 64 85 81 37 44 73 
38 31 83 47 55 80 34 100 65 
24 91 96 
22 95 41 36 10 20 52 5 39 64 92 90 75 
43 31 46 56 79 98 14 71 80 10 27 42 13 59 9 92 50 4 7 19 
43 48 18 10 9 64 75 21 
93 
68 35 
43 31 46 93 68 29 6 74 39 96 26 15 32 
14 36 8 6 70 5 85 37 12 84 21 16 
88 
55 94 81 
88 11 
83 71 11 
95 98 17 20 89 34 70 86 69 40 64 30 75 72 73 84 
43 29 77 53 55 57 89 42 86 59 61 
22 93 48 68 98 53 89 58 86 69 61 39 64 85 4 7 
78 41 56 77 14 57 17 8 89 91 60 100 13 5 40 64 50 37 26 67 32 54 16 
43 29 10 6 13 
23 68 80 49 91 52 25 13 66 86 5 40 67 12 
98 20 70 75 
55 
25 
48 56 63 82 53 9 39 94 
33 
43 31 78 83 56 77 63 27 20 6 74 60 86 5 99 9 30 87 97 75 72 15 54 
48 39 96 75 4 
29 63 98 89 67 84 
41 83 18 51 89 91 58 74 100 69 59 94 85 92 50 65 
95 93 49 
93 83 79 24 53 51 17 81 7 65 12 
38 31 93 57 10 58 42 100 13 5 39 40 35 96 81 1 54 
41 68 79 98 27 17 34 91 58 42 74 60 86 69 5 39 64 96 72 12 
43 93 78 28 29 98 14 71 55 89 30 4 26 
22 43 48 56 28 51 35 50 97 37 26 67 
46 63 17 6 58 39 85 90 96 88 81 19 65 
43 28 79 71 80 10 74 66 9 85 76 50 96 1 11 
23 46 47 63 82 18 36 10 49 91 66 9 81 67 11 73 84 21 16 
93 78 28 63 17 20 86 69 61 99 94 64 88 26 67 19 
28 63 53 8 52 42 25 86 69 59 99 9 64 92 4 73 84 62 2 
93 83 77 98 30 11 
23 22 93 47 36 59 75 37 65 11 
78 41 56 29 77 27 20 34 61 5 50 72 45 16 
95 48 18 79 98 55 10 6 39 92 35 50 97 7 72 11 
31 83 28 79 17 58 61 5 30 76 26 16 
83 56 37 2 
43 33 56 77 82 18 79 71 36 57 34 91 74 61 85 35 97 81 4 26 
38 23 41 36 10 27 34 69 64 96 97 37 1 7 45 19 32 
63 71 17 52 64 35 67 
57 1 
22 43 95 93 47 28 51 27 89 91 42 70 69 39 90 76 81 26 45 19 2 16 
38 83 36 53 91 13 9 39 30 50 26 7 44 32 11 16 
32 
80 
95 41 68 82 55 20 89 52 25 13 99 9 64 90 87 26 72 44 62 
38 83 29 27 88 84 
38 46 95 93 68 83 98 24 53 51 70 74 69 94 37 84 
27 89 52 42 70 74 100 59 61 96 75 37 26 7 44 12 54 
68 77 66 44 73 21 
66 76 
23 48 56 18 98 36 27 8 89 34 91 6 25 70 100 39 85 50 88 7 44 
23 95 93 33 47 82 18 98 17 86 94 85 87 1 45 11 
93 83 82 36 53 51 89 92 4 1 72 45 44 
22 78 41 29 36 53 51 57 17 20 89 52 70 60 86 5 9 94 88 3 81 44 62 
93 48 47 56 28 29 55 27 20 58 60 100 13 69 64 85 30 96 97 88 3 19 44 15 
56 28 27 52 59 5 26 72 45 62 
24 27 39 97 67 
83 29 63 98 14 27 17 25 60 61 39 76 81 4 45 65 11 84 
41 29 57 9 96 19 
22 95 63 80 58 42 70 35 50 1 54 
22 95 52 60 40 92 35 87 3 73 
22 48 63 25 40 97 7 
23 22 77 6 25 64 35 81 4 19 32 
38 46 18 27 34 58 5 21 
56 77 36 55 80 34 58 25 74 13 59 85 90 76 96 72 44 15 11 62 16 
28 57 
22 41 56 29 82 27 49 60 85 81 65 73 54 
56 91 13 90 21 
43 31 41 63 79 24 51 80 10 89 52 59 90 7 11 54 16 
23 43 46 47 18 98 70 13 69 59 39 30 4 21 
23 69 
33 78 48 28 14 53 80 52 59 61 76 19 65 73 
93 48 68 28 77 82 55 17 70 60 100 66 61 40 87 81 75 7 44 
78 41 77 98 36 89 70 100 50 21 
38 78 29 77 98 71 20 49 34 100 9 87 44 21 
22 43 78 48 56 36 20 6 60 100 69 59 40 87 96 3 1 26 72 44 84 
23 83 82 42 69 5 90 1 12 
68 49 89 91 25 74 96 97 3 44 
23 48 29 51 34 6 69 59 61 9 87 97 81 1 26 45 2 
38 48 71 64 
98 20 8 52 60 86 59 61 81 75 26 7 45 44 65 
68 47 29 55 27 17 91 25 100 69 94 35 96 19 12 11 
42 
13 86 85 72 44 
31 33 68 47 56 77 18 55 51 17 49 89 90 76 97 67 19 65 2 
78 83 63 18 57 60 90 
43 95 93 58 100 40 87 3 
18 14 71 6 58 39 96 16 
43 31 56 29 24 17 89 91 58 100 30 4 
41 28 18 8 91 6 42 70 74 60 86 30 96 88 37 54 84 
95 80 10 5 88 32 
43 31 95 41 68 29 14 36 89 34 52 70 76 3 37 72 45 
33 41 68 29 63 18 8 58 42 70 13 59 99 39 45 12 11 
47 56 18 79 36 91 70 100 39 90 87 96 3 81 37 44 15 16 
46 47 28 18 36 51 34 25 86 59 99 94 35 1 45 2 
38 23 46 82 24 55 51 8 6 60 13 99 94 35 76 7 67 19 
46 95 47 63 98 42 35 50 3 37 54 
38 23 33 28 77 82 99 39 94 75 37 1 45 12 73 
43 24 55 34 37 72 19 65 
24 20 7 
46 93 28 77 79 98 14 36 24 60 100 13 86 99 9 88 81 45 15 12 21 
93 28 25 13 59 5 3 73 
31 47 55 20 94 65 
33 20 86 69 1 26 44 
24 57 27 17 20 8 6 13 99 39 4 1 7 
22 93 48 68 83 47 14 71 49 89 42 25 81 72 67 15 12 84 62 2 
33 41 77 9 96 
22 95 41 48 77 98 9 64 37 15 2 
17 6 52 42 59 39 90 96 81 
23 93 83 56 29 51 20 13 90 50 96 1 84 62 16 
24 58 74 5 
31 33 28 24 51 17 8 49 34 25 61 64 97 7 44 12 
24 49 58 100 45 2 
33 29 57 17 52 66 44 21 
22 93 29 18 79 55 57 17 49 58 59 85 76 50 81 12 
23 95 83 29 82 71 55 34 96 26 45 32 65 62 
43 31 47 77 14 36 24 55 80 27 6 52 58 70 61 99 94 87 37 19 15 32 
73 
63 18 34 58 94 88 81 75 4 26 72 67 32 84 
43 33 78 47 82 18 79 98 36 55 10 89 74 100 59 85 35 90 96 1 32 
78 68 24 55 80 10 49 42 59 99 94 30 87 75 4 1 72 65 21 
31 68 83 28 77 55 39 7 12 21 
23 31 79 24 53 27 49 91 52 42 94 85 87 75 67 11 
38 46 93 53 74 13 5 9 65 
22 95 93 33 8 49 52 60 4 21 
38 23 78 79 14 8 58 92 37 45 15 84 
43 41 77 63 14 24 34 91 70 61 5 92 35 90 32 
93 68 98 24 51 27 6 74 60 66 86 59 5 39 76 1 12 
22 46 78 41 68 47 29 82 71 49 52 74 5 96 97 75 37 
23 46 48 24 49 91 42 66 59 5 9 85 92 87 81 75 15 73 62 2 
38 77 53 10 49 91 58 74 60 100 61 5 9 19 44 2 
78 83 57 58 42 74 99 39 90 96 97 81 15 62 
22 43 31 48 17 94 19 84 
43 93 82 79 98 55 34 90 87 3 45 
48 77 34 85 72 45 11 
46 56 63 14 80 8 70 60 100 66 59 94 30 90 76 88 37 1 15 62 
43 46 33 63 71 27 89 42 64 30 90 87 50 3 37 4 72 67 
23 46 83 55 89 25 66 85 75 37 4 1 26 7 67 62 
33 63 14 55 52 42 60 61 37 1 
78 14 10 8 70 44 16 
23 22 43 79 71 24 10 27 34 52 70 61 35 4 45 2 
43 41 68 28 14 10 49 89 42 59 40 87 96 3 81 32 84 
22 46 93 47 24 51 17 34 25 100 69 61 9 40 76 1 32 11 54 84 
95 83 56 82 98 24 55 20 70 99 97 26 
29 18 53 100 84 16 
38 43 78 10 49 69 99 35 7 
22 95 33 78 41 63 79 24 17 100 13 64 30 96 81 4 44 15 
68 57 40 
60 90 75 21 
10 17 66 61 92 3 45 84 
33 68 29 77 27 70 60 61 85 30 1 26 15 54 21 16 
95 33 29 63 57 49 6 61 81 7 
22 46 93 48 83 77 82 53 57 8 52 42 74 39 94 50 26 45 15 12 2 
38 83 47 52 12 73 
38 23 78 56 63 10 27 17 42 25 66 86 50 7 19 12 11 
9 67 
23 22 93 48 82 53 55 51 17 20 89 25 70 60 87 50 3 81 75 37 1 26 12 
56 
31 5 37 1 
38 22 14 71 34 70 61 9 39 40 35 97 4 72 19 73 2 16 
29 57 94 76 97 81 1 67 11 
33 77 63 82 24 55 51 10 58 64 96 67 15 62 2 
41 47 28 82 79 24 55 27 58 100 66 69 59 64 85 76 50 67 32 12 2 
29 36 80 27 20 49 70 66 86 40 90 62 2 
63 100 50 88 26 7 
22 95 93 83 47 56 10 17 58 25 70 59 40 96 88 81 4 7 19 65 11 16 
22 46 9 35 37 
22 33 41 68 36 24 10 89 91 61 5 99 94 81 11 
22 93 78 41 77 79 98 51 25 74 94 81 44 12 
38 23 43 48 68 56 28 82 14 36 55 89 34 74 39 85 87 75 4 67 32 11 
95 33 83 56 18 55 20 58 70 13 5 40 64 92 75 4 15 12 
29 82 14 53 49 89 25 74 92 75 72 45 32 73 16 
23 29 36 51 49 86 69 81 7 45 44 15 
47 29 53 2 
43 53 20 6 52 86 39 11 62 
98 59 
31 93 8 49 64 
95 28 82 98 27 8 100 66 86 85 97 81 75 21 
22 95 47 56 53 20 66 61 54 
23 93 48 68 47 29 79 24 69 61 39 50 97 7 15 73 
10 52 94 40 81 12 2 
31 93 83 29 100 39 85 3 73 84 
31 46 78 56 82 24 51 89 25 60 86 30 76 72 67 12 11 54 
48 82 51 10 17 52 70 40 64 30 65 12 16 
43 28 29 36 24 69 59 99 85 96 37 1 44 11 
22 46 78 83 29 71 36 53 27 89 99 94 40 35 97 4 7 19 15 11 2 16 
38 46 33 48 83 47 71 36 10 27 8 91 58 5 9 40 85 81 75 45 
93 78 47 28 98 71 55 10 27 58 70 74 86 64 92 81 37 1 
95 55 17 42 74 60 76 1 16 
68 83 18 98 14 36 57 17 52 74 100 13 61 5 99 64 12 54 16 
18 87 
95 14 91 60 86 3 
22 31 82 27 74 86 99 64 30 32 65 
46 41 68 29 82 57 10 20 8 34 91 42 74 59 9 90 26 
100 
41 82 79 36 24 51 52 70 13 59 64 90 75 65 11 54 62 
95 93 29 51 27 69 30 96 3 81 72 19 15 11 62 
66 81 
23 46 77 82 36 55 86 5 99 39 94 64 85 35 81 75 1 32 65 11 
43 31 95 48 77 63 79 36 24 55 49 89 25 74 69 94 30 7 67 12 11 16 
31 48 68 14 51 6 52 42 25 74 66 92 67 
22 31 78 83 82 14 71 6 60 99 39 94 64 85 90 97 88 11 84 
46 93 18 91 13 45 
52 40 7 
22 
71 16 
23 46 93 48 83 18 57 42 70 66 69 90 81 72 45 32 11 21 
83 28 29 51 17 49 89 91 6 42 99 9 39 94 90 96 97 88 81 75 4 72 
56 10 1 32 
79 24 57 27 91 100 61 88 15 
43 33 78 41 47 79 98 14 53 55 49 52 58 70 66 94 40 88 54 62 
23 95 14 17 58 25 13 66 86 99 9 30 87 81 4 7 72 44 65 73 54 
95 41 68 14 71 51 10 20 74 13 94 64 30 81 37 1 44 54 84 21 2 16 
46 10 20 96 
22 68 47 77 18 53 57 20 60 90 26 
31 28 29 77 51 6 70 69 59 5 87 26 
22 89 4 73 
43 41 47 56 28 63 57 10 100 66 5 64 87 88 19 65 73 21 
28 34 
98 36 74 96 37 45 32 21 
59 37 67 
48 63 18 71 55 49 89 58 74 60 64 50 72 15 16 
23 78 47 51 34 58 60 100 5 94 50 37 72 16 
43 33 41 18 80 17 20 58 13 30 76 50 21 16 
48 28 77 58 86 94 40 92 35 37 7 54 
23 43 78 41 18 55 20 52 42 25 60 13 99 30 92 50 26 67 
38 22 78 41 56 82 71 57 49 89 52 58 25 100 66 30 35 97 45 67 19 11 
47 71 27 8 35 
23 18 24 53 8 89 74 9 4 1 11 73 54 
23 78 28 20 42 100 59 85 97 81 19 11 73 54 84 
56 75 4 1 
38 23 95 48 77 63 18 71 27 17 34 58 25 60 69 99 39 94 40 85 92 96 72 
22 68 79 14 8 66 69 99 39 94 40 30 26 7 45 84 
23 47 80 61 64 92 84 
82 75 
23 33 78 68 28 71 36 24 80 17 20 8 42 86 69 85 37 4 54 
41 85 
77 63 6 85 76 12 73 54 
46 78 41 48 56 71 24 49 100 86 94 88 67 15 84 
78 56 63 82 49 34 74 9 30 50 3 81 75 44 73 
56 79 74 7 65 84 21 2 
46 28 77 53 57 27 58 60 39 35 87 50 96 21 
22 43 78 83 82 18 24 51 58 5 35 4 7 67 
38 28 10 8 89 58 86 39 92 90 32 11 16 
23 56 79 14 89 25 50 3 37 67 44 84 16 
23 22 83 18 71 49 6 69 5 9 85 81 75 1 26 7 54 
83 18 98 80 6 25 66 40 85 92 88 44 65 11 73 
38 71 8 42 100 90 76 96 37 12 
98 99 35 11 
43 14 24 66 86 99 1 32 73 54 
20 75 
23 33 63 18 98 57 74 69 94 64 30 92 87 4 1 72 11 54 62 21 
22 79 57 69 99 39 
33 68 56 53 57 59 3 65 
43 83 56 29 63 79 98 24 51 89 70 60 66 69 59 85 44 54 
38 46 33 78 18 80 89 60 85 30 
22 78 18 79 55 4 67 44 
82 30 76 
93 83 63 98 51 57 89 91 5 40 76 72 
36 53 51 27 89 91 6 66 86 39 50 75 44 32 73 84 
95 33 47 77 18 98 24 57 10 100 69 61 94 30 87 97 88 4 1 32 65 21 
77 63 18 98 57 17 34 6 61 40 92 35 97 44 32 16 
22 43 82 27 8 89 91 6 60 5 94 90 88 67 65 54 
46 95 29 27 70 97 75 26 73 
23 95 48 56 29 71 24 51 10 34 5 64 3 32 
78 
43 31 93 41 28 18 71 36 24 91 70 74 59 87 50 96 37 67 
38 46 78 98 71 24 27 8 91 69 61 94 30 96 88 81 1 65 21 
93 33 63 14 55 80 6 19 
63 79 71 55 6 60 100 61 40 76 4 84 62 
38 31 48 47 79 71 51 57 52 13 61 92 90 37 
27 30 67 
36 67 
43 28 27 91 69 94 85 50 11 62 
38 93 68 82 17 91 52 74 13 66 59 39 76 1 2 
23 41 83 36 80 91 52 3 67 
46 13 3 81 75 32 
23 46 78 98 71 51 17 6 52 94 35 76 97 88 44 15 12 2 
95 83 55 42 99 94 45 21 16 
46 33 68 14 49 6 42 25 13 86 59 64 30 76 81 75 26 12 16 
28 36 55 89 34 25 59 85 88 19 73 
95 68 28 53 91 13 99 75 32 21 
37 
43 46 56 63 82 18 79 57 17 49 34 25 70 60 5 94 30 81 4 32 
79 59 
43 46 33 14 57 85 76 88 37 32 54 
38 46 95 33 28 29 49 91 58 96 88 75 67 54 84 
38 93 47 61 3 75 4 1 54 
83 29 36 55 17 20 34 6 74 94 40 64 76 50 88 26 32 
76 
38 59 92 62 
46 95 47 55 27 17 34 6 70 59 99 39 92 87 88 37 26 7 45 65 16 
33 47 98 45 
22 56 79 36 8 100 90 76 87 88 3 7 67 
43 31 46 56 79 24 80 57 8 49 60 13 5 97 37 1 67 65 73 
31 68 82 98 91 58 66 40 76 84 
33 48 83 47 63 24 53 51 27 8 58 13 66 64 30 90 87 97 3 1 84 2 
22 78 28 29 53 51 80 8 74 100 76 12 84 16 
22 31 33 36 53 57 91 6 58 42 60 66 86 69 39 90 45 73 21 
93 28 98 57 6 42 74 5 39 76 81 65 73 
43 78 63 24 34 94 35 76 67 21 
41 57 26 
38 22 18 79 98 14 55 80 91 42 66 64 3 81 75 7 11 
22 95 93 77 82 14 24 80 34 60 100 86 35 75 7 15 12 2 16 
17 8 99 37 
48 98 71 10 52 97 1 54 
23 22 28 82 49 58 13 35 15 
23 82 71 24 55 51 80 20 34 42 25 60 66 69 85 81 75 37 7 15 21 
23 31 46 48 98 53 8 49 91 58 25 60 59 61 39 64 30 1 12 
23 31 55 17 60 61 85 
43 31 93 78 47 77 18 71 24 53 20 34 6 52 9 76 87 88 3 15 11 
33 
22 95 48 68 76 3 4 67 73 54 62 
83 70 5 39 94 37 15 65 
31 56 54 
47 6 13 75 
61 
23 43 68 28 63 18 36 53 51 49 69 5 40 92 90 50 88 75 45 62 21 
31 93 68 14 71 36 80 57 20 49 6 30 97 3 81 72 19 44 15 11 
38 95 78 83 77 14 55 91 58 74 69 59 99 9 30 76 97 81 45 
46 33 41 48 29 8 89 91 6 61 99 73 
31 33 78 63 42 94 92 12 
22 46 29 63 82 79 53 51 80 57 6 70 39 94 90 50 37 44 15 62 21 2 
23 22 43 68 28 63 82 18 70 60 5 9 40 30 96 4 1 67 54 
33 68 47 77 82 24 57 34 70 59 81 4 2 
33 41 83 28 29 14 10 89 6 52 25 13 5 87 4 32 62 
33 56 71 81 
46 28 71 10 70 86 92 76 50 65 21 
38 57 4 1 
38 78 68 47 63 79 55 51 8 25 59 61 92 35 50 1 45 16 
93 83 47 28 8 5 11 
21 
23 22 31 68 82 18 24 53 20 8 34 52 69 5 99 9 35 87 67 44 73 16 
56 8 61 96 97 72 44 
38 31 48 68 83 28 29 18 51 6 58 42 100 69 99 64 76 3 75 1 45 67 
6 25 74 9 64 90 26 
22 9 
38 80 20 8 89 52 1 72 19 32 
79 36 99 
23 43 93 14 36 24 49 70 86 3 75 37 15 54 2 
43 78 41 68 77 14 24 51 57 58 100 61 5 39 30 35 97 26 19 73 62 
83 47 52 9 39 87 16 
38 63 55 20 60 92 3 72 
23 46 29 98 51 49 52 13 66 92 35 3 75 1 44 11 73 62 2 
47 18 10 25 40 81 19 12 
95 41 55 80 74 90 67 
23 93 47 77 14 51 10 20 52 25 70 100 13 66 69 9 85 88 3 
22 14 71 55 51 10 27 8 49 91 74 5 40 64 92 3 54 
47 29 79 71 36 24 20 100 13 66 69 35 76 97 54 16 
60 96 65 
78 83 47 28 77 36 80 10 27 52 99 94 3 1 7 32 73 62 2 
38 68 98 10 89 52 25 13 69 94 64 92 35 3 1 72 32 
43 31 46 63 18 71 17 34 91 52 99 4 67 65 
56 36 55 34 60 76 3 44 
38 46 93 47 18 14 27 49 74 100 66 86 69 39 30 90 4 26 2 
46 28 29 18 98 14 51 80 8 34 87 96 75 45 67 15 11 54 16 
2 
23 33 41 83 57 89 34 91 6 99 30 87 96 7 15 32 11 
31 46 82 80 57 17 34 6 30 96 97 15 65 16 
93 68 56 29 18 79 36 24 34 70 69 5 99 9 94 92 3 81 
22 93 14 74 40 35 90 88 19 32 21 16 
78 
24 58 
48 28 64 76 87 84 
22 43 33 41 68 56 77 27 89 99 94 64 76 50 96 88 45 32 73 
63 82 18 14 55 80 86 99 81 84 
31 56 29 24 6 100 13 94 40 64 85 35 81 73 
95 41 36 34 64 26 
38 43 46 41 68 83 77 82 53 10 6 42 25 70 74 60 86 59 9 94 40 3 1 
93 41 82 71 10 42 74 81 
23 95 48 98 58 13 85 30 96 97 37 15 62 
56 77 82 74 87 81 4 72 45 62 
86 69 
48 47 29 71 55 89 34 74 100 69 59 92 76 97 37 19 15 2 16 
43 83 79 14 10 49 58 70 64 85 3 72 12 21 
38 46 95 68 63 79 51 10 20 49 34 58 70 100 9 39 64 35 87 50 81 44 2 
17 39 85 
22 41 77 14 36 53 55 57 10 27 49 89 69 97 7 67 62 
23 22 82 98 53 27 8 91 58 25 66 69 61 85 88 7 67 
83 64 87 81 1 
46 95 93 80 57 10 6 58 74 64 35 90 81 72 67 73 84 
77 82 18 98 51 52 39 90 
46 78 56 28 98 27 89 91 52 13 99 9 40 90 76 72 12 
31 93 48 83 28 63 14 24 49 89 25 70 59 39 94 87 45 15 12 2 
49 89 70 87 
43 63 53 49 91 100 61 92 35 81 65 54 
80 74 60 59 
95 33 18 79 98 14 27 17 89 91 58 25 70 60 66 61 9 40 3 72 12 
51 27 89 25 35 
23 31 95 47 98 27 52 99 39 85 97 88 3 65 
79 10 69 
33 78 77 53 80 27 8 49 34 91 61 9 97 88 
38 43 68 83 77 71 49 34 6 52 42 74 13 9 87 75 19 32 21 
33 29 77 82 98 14 51 34 6 52 70 69 39 90 76 87 75 37 4 1 26 7 19 
74 
77 27 91 66 88 1 67 19 
95 51 17 20 3 4 84 16 
43 31 33 48 14 52 74 59 5 67 
23 22 46 28 29 98 71 24 51 80 10 89 9 3 37 7 45 15 65 73 84 21 
23 31 93 78 29 89 52 25 100 66 5 73 16 
46 14 74 5 64 3 
38 46 95 48 29 10 42 70 74 13 69 5 85 30 87 97 7 21 16 
38 95 78 82 79 80 8 58 25 74 60 59 9 35 87 97 88 1 7 15 73 
46 48 68 29 24 80 6 58 42 9 30 97 81 4 1 45 11 84 
43 63 82 71 36 55 8 89 69 99 40 85 92 44 15 84 2 
23 83 28 53 27 49 34 91 74 13 86 5 9 39 94 35 50 88 81 4 45 
38 78 41 56 18 79 14 8 49 25 99 40 88 37 73 54 
38 23 41 47 24 53 49 25 70 60 9 40 30 92 76 88 3 75 45 19 73 
48 57 58 99 97 54 
41 48 47 28 63 71 24 51 17 49 70 9 39 30 90 97 88 
22 33 78 41 48 28 82 36 51 10 34 91 6 100 61 72 67 44 15 32 65 73 
22 43 31 33 28 79 14 51 80 17 91 25 60 13 66 30 37 65 12 73 
43 95 83 28 77 63 18 57 91 6 39 64 85 92 97 72 12 73 84 
79 15 
23 55 10 6 58 40 87 16 
23 43 31 77 58 42 69 54 
29 51 89 52 5 85 90 
22 43 47 79 8 25 30 97 81 4 72 44 
71 27 8 88 3 1 32 21 
68 14 17 70 59 64 92 3 54 
22 46 68 83 18 98 55 80 74 90 81 4 11 
46 14 6 65 84 
24 69 62 
31 46 57 34 6 9 87 72 
23 43 98 80 20 34 91 6 70 100 5 9 92 97 1 12 54 84 62 
38 43 31 46 41 29 71 36 51 27 49 13 39 30 76 26 45 19 
78 55 80 10 58 42 25 60 66 9 39 40 37 45 15 32 11 73 16 
48 47 14 53 57 52 100 86 69 59 30 7 67 44 84 
23 46 41 68 56 28 82 18 36 51 57 8 25 70 61 5 4 26 72 67 12 73 2 
56 71 24 51 17 20 9 
24 8 34 6 70 74 40 90 11 
23 28 79 24 55 89 70 13 61 3 7 65 
22 43 93 28 71 51 57 17 8 91 69 9 85 76 50 4 1 65 21 2 
46 93 41 63 79 6 74 100 61 5 40 30 50 97 62 
23 31 33 18 98 71 80 13 5 99 9 65 73 21 
31 95 93 68 36 53 27 17 6 25 39 35 76 96 97 88 75 4 19 44 15 32 
13 39 81 
29 79 98 39 87 26 11 21 
33 48 83 56 29 63 14 71 53 55 80 61 94 85 30 96 3 2 
41 35 76 16 
51 86 59 50 88 4 
33 41 48 29 14 71 10 27 6 66 99 75 44 15 73 
83 29 53 6 13 94 90 87 67 19 62 
31 
46 48 68 29 24 53 27 20 58 70 94 85 92 90 75 1 26 7 15 12 11 16 
95 25 
23 83 77 24 80 10 17 8 42 69 59 30 3 1 72 67 65 
22 83 56 77 71 36 24 10 49 6 40 76 88 3 75 37 72 62 
38 22 31 33 78 71 53 80 27 20 89 70 66 5 40 19 65 2 16 
38 18 8 61 40 65 
80 9 88 12 
38 22 95 57 70 40 85 35 50 97 88 1 72 12 62 
43 71 24 80 91 6 70 100 69 5 99 94 92 35 97 75 1 67 19 15 32 65 
79 64 84 62 
31 78 83 79 71 24 20 74 100 13 5 90 50 4 45 73 62 
23 83 47 28 82 18 71 24 53 55 34 6 42 100 5 87 96 75 72 19 15 12 21 
41 24 42 66 86 67 
38 78 56 63 82 79 89 52 58 64 85 92 35 
93 41 83 47 77 20 91 74 86 39 30 50 96 3 4 19 84 21 
93 77 36 55 20 49 59 99 64 30 90 96 81 75 72 15 62 
31 95 33 48 56 28 63 79 98 36 51 80 60 66 76 3 15 12 84 21 
38 56 63 82 36 55 49 25 74 60 86 39 85 67 73 
2 
31 83 29 98 24 57 17 8 6 42 70 74 66 59 5 97 75 37 4 1 54 21 
78 71 36 17 39 76 45 44 2 
38 46 41 82 71 36 51 80 49 89 52 59 61 99 87 97 4 1 67 44 12 
82 98 8 91 6 5 30 92 50 
47 9 54 
23 41 68 17 74 86 59 30 35 
48 85 19 2 
23 95 93 29 63 18 79 91 25 86 92 81 4 15 12 84 
68 28 98 53 80 10 49 42 74 60 13 99 37 26 54 2 
78 41 53 91 60 5 4 15 
22 43 56 29 79 10 27 91 42 99 97 4 73 21 
33 68 56 29 77 82 18 36 53 57 52 100 9 92 90 76 97 75 37 4 54 
83 47 71 70 74 13 5 
63 18 98 71 8 49 52 42 86 59 5 94 40 64 50 96 75 1 16 
22 68 56 34 60 69 40 85 50 37 72 45 32 11 
46 33 47 77 79 98 36 51 10 17 20 70 59 61 5 76 96 37 54 
64 4 
38 95 56 29 18 10 8 52 60 50 67 
38 31 78 47 98 14 34 91 6 70 59 61 9 92 87 88 72 19 44 15 11 
38 78 41 48 3 81 65 12 16 
57 69 9 
38 31 55 80 91 62 
95 14 71 27 17 42 13 66 61 5 99 4 7 45 12 11 84 16 
46 75 
23 29 82 36 10 49 74 66 59 5 35 96 88 1 72 19 
22 78 29 91 86 59 5 94 35 50 44 12 2 
31 78 48 53 49 100 61 99 11 73 84 62 2 
31 41 56 18 14 58 74 59 9 39 90 3 15 
46 78 48 18 58 60 86 35 2 
77 63 79 17 42 100 97 26 7 
31 48 68 83 98 14 53 80 10 74 69 9 87 96 97 19 11 62 
38 43 78 41 36 80 34 52 13 69 59 61 39 87 96 1 72 15 2 
78 41 77 80 89 52 60 66 9 92 96 19 32 62 2 
83 18 91 58 70 66 5 96 88 3 4 44 62 
38 33 41 83 47 24 55 10 17 34 52 58 70 9 88 26 
23 95 48 68 82 53 80 8 58 42 86 59 94 30 92 87 50 96 88 81 1 72 84 
43 46 48 47 71 36 24 8 42 74 60 86 69 94 7 45 11 54 62 2 
93 82 51 10 5 39 97 54 
82 36 60 61 5 9 35 81 32 62 
22 48 63 79 71 80 89 69 99 85 35 90 88 65 
46 83 29 89 34 91 25 74 100 86 59 99 35 87 45 12 54 21 2 16 
38 79 24 53 55 49 13 99 39 90 50 3 37 19 11 
38 63 82 18 55 89 66 88 1 12 
43 93 78 41 29 77 18 10 8 59 92 88 1 32 65 54 
93 28 82 24 80 8 49 52 42 66 86 61 5 90 97 15 54 
38 22 71 55 20 8 42 13 66 96 4 1 45 65 11 62 21 
41 68 83 47 18 51 27 20 8 49 25 5 39 40 87 50 19 73 2 16 
83 58 100 90 76 96 81 67 65 
63 89 87 32 
43 14 89 6 60 13 64 35 90 87 44 
22 95 91 70 92 45 
93 56 63 79 24 17 20 89 34 91 6 52 42 92 96 75 37 7 45 67 15 11 
22 43 78 56 98 20 100 86 69 61 76 50 4 44 11 21 
28 77 10 34 58 13 66 3 1 45 15 73 
95 33 18 49 34 42 25 66 61 9 94 85 3 81 26 32 73 62 2 
28 99 35 21 
23 31 93 78 68 18 57 17 9 30 96 97 19 15 65 
46 93 47 28 29 79 14 36 17 34 6 25 99 96 37 1 7 44 11 
45 62 
38 43 29 14 89 91 70 94 64 90 7 72 
27 40 
23 22 43 31 33 41 47 63 51 27 8 89 34 6 100 13 64 76 15 11 62 
22 90 12 
43 93 48 56 28 77 82 36 91 58 42 25 70 66 59 5 64 92 90 75 26 44 73 
23 31 36 10 20 89 52 100 69 64 37 1 45 19 32 
46 78 63 98 71 74 69 99 87 44 2 
79 36 20 34 52 40 30 76 87 7 
23 95 68 28 71 36 55 57 27 17 49 6 70 76 50 3 26 7 15 32 11 21 
43 36 25 66 30 3 11 21 2 
41 63 17 34 91 6 99 9 94 30 88 45 67 32 54 84 
46 
48 68 63 55 57 10 89 25 60 69 35 81 1 32 54 
38 22 43 93 33 41 83 47 53 34 91 52 25 74 100 66 30 92 3 37 65 84 
22 31 95 68 83 56 63 14 25 70 74 60 13 9 30 35 87 50 81 65 12 84 
42 86 64 87 97 37 32 11 2 
22 31 82 18 98 36 89 91 25 69 92 96 4 73 
43 46 95 41 28 51 57 27 91 6 69 59 64 88 3 37 7 16 
43 48 51 80 10 91 44 
22 46 83 47 63 18 71 55 57 8 60 13 66 76 88 1 65 73 
29 36 24 80 27 58 59 39 45 
23 93 33 78 79 57 10 25 100 99 90 26 45 67 19 84 
27 49 89 58 60 30 19 
38 23 31 98 57 10 34 6 52 66 59 5 39 40 85 15 21 
38 93 36 55 51 80 57 17 49 58 13 90 88 84 
56 79 51 
48 68 18 14 36 59 30 75 37 72 11 
22 31 29 79 98 86 69 59 9 94 30 35 
23 22 48 63 18 98 71 53 55 57 52 61 85 87 3 12 11 54 84 
98 51 20 72 
22 43 93 68 82 36 51 20 91 25 70 100 72 15 65 
34 15 
33 79 24 20 49 74 30 92 45 15 21 
38 33 28 36 24 51 80 10 27 17 8 6 59 99 94 64 30 35 87 97 7 65 
23 43 31 46 93 48 47 56 82 18 89 25 70 100 86 99 39 90 1 7 32 11 16 
23 17 94 3 65 
38 46 78 83 56 82 53 51 57 58 70 13 94 40 64 85 30 35 90 76 88 1 7 16 
95 68 83 56 77 79 98 27 17 52 70 60 69 59 5 76 19 65 11 54 16 
43 33 18 71 10 49 91 13 85 76 96 88 1 62 16 
23 56 82 26 72 
46 95 41 29 79 36 51 91 52 58 86 85 92 87 81 26 7 44 73 
43 95 77 24 51 17 100 39 85 92 32 65 11 62 21 
22 28 18 57 6 58 69 76 2 
79 5 72 32 16 
23 33 83 29 14 53 10 49 25 59 9 97 67 19 15 11 73 54 
93 47 63 80 59 99 92 26 72 45 2 
51 65 84 
63 18 10 60 87 50 81 
22 93 36 51 89 42 70 39 94 72 67 65 12 
38 22 43 46 47 29 14 57 34 74 5 81 19 15 12 73 
31 41 68 56 14 36 55 39 37 72 32 12 2 16 
52 
95 93 78 53 52 58 25 100 5 99 94 76 50 75 1 7 65 11 73 62 
46 78 48 79 39 4 54 2 
43 46 35 97 88 3 37 7 
77 17 39 40 85 
57 100 61 1 65 12 11 16 
22 31 78 48 83 47 29 98 71 20 6 59 61 94 90 87 7 
18 98 14 71 53 27 52 100 5 39 35 90 4 7 67 44 73 62 21 
29 71 24 10 66 69 40 92 87 50 97 75 72 11 
44 
78 47 77 79 71 57 66 39 35 50 96 7 65 
24 
43 18 80 42 60 69 5 39 64 72 62 21 
31 63 51 80 10 49 34 91 74 61 92 12 73 54 84 21 
95 82 79 51 57 34 42 100 86 76 97 88 7 19 65 12 11 73 
38 22 93 56 24 80 10 34 25 60 100 69 85 7 15 32 2 16 
46 33 48 68 47 29 71 27 91 70 100 59 61 85 76 50 3 26 19 15 32 73 84 
38 23 93 28 55 57 52 74 13 99 39 30 50 88 11 
22 31 93 33 48 63 82 98 36 53 80 58 85 35 90 75 26 45 11 73 84 62 
95 83 28 63 8 52 74 86 61 30 35 96 81 67 15 84 21 
38 23 22 43 93 79 98 36 10 27 20 66 69 99 35 90 75 37 72 15 84 2 
77 24 55 57 91 58 13 90 1 
43 56 82 6 52 74 66 40 4 72 67 
68 28 77 91 61 85 87 37 44 
95 33 41 48 36 20 85 92 87 97 
23 46 83 79 53 27 17 49 6 86 40 92 4 7 19 62 2 
22 47 14 53 17 49 34 99 30 35 97 4 1 72 32 11 62 2 
68 56 29 8 49 59 61 99 81 73 16 
22 41 83 56 77 79 98 36 49 91 6 58 70 61 9 85 50 96 97 88 4 2 
31 41 28 98 53 80 49 89 52 25 60 69 61 90 76 88 75 4 44 12 62 
29 51 57 27 13 86 40 90 76 37 73 84 21 16 
23 43 93 29 18 53 8 58 70 60 59 64 87 37 45 15 73 54 84 
42 45 
68 83 18 36 10 17 20 8 52 13 69 45 65 
33 83 28 71 55 27 8 49 91 25 60 97 7 
38 23 31 29 18 71 20 6 60 13 66 86 9 39 92 35 45 19 32 62 21 2 
46 6 58 7 2 
38 31 46 56 98 71 36 34 66 69 9 92 50 81 7 16 
46 93 83 47 28 98 100 9 40 35 65 11 2 
43 46 41 68 47 56 28 51 25 66 86 61 5 40 92 26 45 65 
46 93 68 56 82 98 10 8 42 99 30 90 88 65 11 21 
47 20 60 61 64 87 75 4 7 67 65 
43 48 83 79 14 36 8 34 52 25 86 35 87 50 75 84 
43 80 25 70 60 100 99 90 75 4 45 67 44 84 
31 29 63 82 71 24 17 20 42 74 13 5 99 94 35 90 97 75 7 19 15 
78 98 14 24 80 17 6 69 40 35 11 21 
46 41 68 27 8 6 60 99 94 64 81 45 67 62 
31 68 40 81 
93 58 
56 80 17 8 52 74 64 81 32 54 21 
23 22 48 68 83 47 29 63 53 91 69 59 94 37 4 72 45 44 54 
95 78 29 14 42 86 59 39 64 76 3 26 72 54 
31 29 79 91 100 90 81 67 11 62 2 
87 84 
43 46 93 33 48 18 24 20 34 52 58 70 59 99 40 92 35 7 12 21 
22 93 41 77 71 10 27 52 70 59 61 92 76 96 81 26 7 19 32 84 62 
48 77 51 80 76 97 75 26 7 84 16 
98 71 5 1 
48 89 37 
23 31 46 33 79 71 17 6 100 86 9 4 7 44 12 
33 48 83 14 36 55 20 39 
93 33 41 83 47 82 24 51 57 10 91 58 66 86 69 59 30 92 3 1 7 12 
77 51 27 58 60 86 81 37 26 32 21 
38 68 18 34 40 81 1 26 67 15 73 62 2 
86 5 64 96 21 16 
23 33 41 48 83 63 51 34 91 74 100 5 97 72 45 
22 95 33 28 58 61 97 
32 
22 83 53 27 17 89 91 74 13 66 61 5 9 87 62 
46 95 78 41 83 28 18 71 55 89 25 74 100 66 86 50 4 72 67 19 21 
38 23 22 46 33 78 41 48 77 71 80 34 6 42 39 35 76 3 4 19 15 
38 95 78 98 71 24 25 74 66 99 97 19 44 32 84 
93 53 20 91 42 13 9 1 26 72 65 73 21 
14 27 94 37 
83 79 80 2 
93 47 29 63 18 71 53 57 10 60 100 97 3 11 
46 63 82 79 71 36 53 57 27 20 91 59 9 39 94 85 92 90 50 88 32 84 
22 95 77 82 24 8 34 60 5 97 3 54 84 
22 95 47 71 20 9 64 90 88 62 
46 77 17 42 40 30 92 50 37 7 62 
91 11 
47 24 53 92 50 67 
43 33 24 90 87 96 19 
33 83 57 20 49 25 70 86 81 19 44 
46 93 33 80 57 100 59 30 26 
38 95 93 78 83 29 82 18 14 10 27 52 70 74 39 40 15 11 62 
78 63 8 13 94 26 
36 57 30 35 75 
33 18 51 52 58 74 85 92 11 54 
23 31 33 98 34 52 13 7 32 62 
48 25 100 62 
22 48 83 56 98 24 53 100 99 40 92 50 26 44 2 
36 34 65 
68 
31 48 27 50 88 
33 78 41 83 28 29 18 14 51 80 89 64 87 15 12 73 
95 68 56 80 74 13 85 92 87 45 
68 56 51 57 17 34 69 85 75 32 
60 59 5 50 45 12 
23 79 10 8 49 42 86 99 45 21 
38 41 79 53 51 57 27 49 89 74 86 69 59 40 85 30 90 76 88 75 1 62 
22 43 95 71 86 35 87 97 11 
46 28 82 53 27 8 89 30 67 
78 29 14 10 17 34 70 60 100 86 59 64 90 76 50 15 65 
31 77 55 51 10 8 42 86 59 5 39 35 76 87 96 81 72 19 15 73 54 62 
23 43 46 83 47 14 27 91 25 13 86 59 35 90 1 67 12 73 54 
23 
82 71 60 44 
77 18 8 35 76 88 37 
31 18 14 80 34 86 30 4 72 11 
38 93 48 47 29 82 98 53 51 17 61 9 40 1 12 84 21 
22 43 31 29 53 51 27 17 86 69 59 5 99 9 39 85 30 75 37 7 84 62 
46 78 41 18 24 17 8 100 39 40 97 26 7 67 
38 43 46 95 33 82 55 57 27 100 86 59 99 75 45 19 
46 28 14 80 57 86 87 3 26 32 11 
22 68 51 20 91 6 25 60 9 30 7 11 62 
23 31 33 48 83 18 55 17 49 91 25 86 69 64 92 90 97 26 45 65 21 2 16 
22 47 71 51 17 6 13 86 61 39 94 75 
22 41 48 98 53 51 10 52 100 61 35 1 73 
38 56 55 64 85 35 65 12 
38 31 77 14 80 52 58 66 99 94 40 2 
23 43 83 47 28 82 18 55 52 25 99 88 81 67 11 
48 14 91 52 86 69 37 
56 96 
38 22 43 93 48 36 24 57 42 92 87 97 4 72 45 44 12 11 54 
93 28 53 57 6 52 25 60 13 61 75 15 62 
48 57 42 70 66 99 9 94 64 37 15 32 54 2 
95 29 63 18 98 55 10 66 61 85 76 44 15 12 16 
31 93 20 52 66 5 90 97 16 
38 43 77 14 24 49 58 70 74 13 86 5 40 85 35 97 3 75 72 44 54 62 2 
78 29 100 61 94 92 7 
38 95 83 56 28 82 98 71 80 17 8 49 6 25 66 69 39 94 40 87 50 88 16 
77 63 55 8 42 13 9 64 35 88 75 1 67 
93 33 48 83 14 51 27 52 74 66 40 64 90 87 50 4 19 65 
6 52 9 40 64 88 81 19 
23 31 46 95 78 82 98 57 17 49 42 86 5 85 92 97 26 45 32 73 
31 93 77 49 61 39 94 40 30 81 12 
38 28 80 49 5 99 75 1 67 
18 36 70 61 3 4 73 54 
31 93 33 68 77 82 71 55 8 6 52 13 30 50 96 3 75 72 45 19 
43 41 83 77 80 10 49 34 91 52 25 86 61 94 76 75 26 32 11 
14 70 
93 83 53 20 5 92 81 19 
78 13 97 
36 19 15 
47 8 58 70 59 40 75 
78 10 30 96 44 
46 78 47 82 18 51 80 20 49 58 70 99 9 64 76 88 67 19 15 73 54 21 
46 79 10 6 25 35 96 37 15 84 
78 48 47 28 60 99 
43 46 95 56 55 20 8 91 74 66 86 30 90 81 4 32 
95 77 13 61 9 39 
23 33 63 79 55 51 10 27 17 20 66 86 5 99 39 94 40 76 96 7 32 12 
46 56 66 61 5 
22 43 46 78 68 63 14 71 24 53 51 57 17 52 58 74 100 61 94 35 72 45 67 65 
43 46 77 63 14 53 42 25 9 85 30 75 73 
23 43 95 78 29 63 79 80 10 91 58 100 35 50 96 81 21 16 
47 92 76 88 
48 77 89 34 6 59 9 87 4 19 
22 43 46 93 33 47 29 18 91 52 25 74 87 50 97 88 65 11 54 16 
23 43 46 33 83 47 53 51 91 61 76 87 88 3 12 
23 29 77 82 14 53 27 17 20 8 91 58 100 40 85 30 76 97 19 44 32 2 
63 18 24 55 80 69 5 39 64 30 87 88 62 2 
38 33 24 53 55 8 34 6 70 5 40 64 35 90 96 88 62 
38 41 57 58 86 69 5 9 64 85 4 26 44 32 73 
48 47 56 28 82 55 58 37 26 45 11 54 84 
22 42 85 87 96 72 73 
93 55 51 89 90 44 73 84 21 
93 56 6 19 32 62 
31 28 39 64 92 88 73 62 
43 95 47 56 63 10 91 100 66 5 94 87 37 12 
22 46 95 78 83 18 55 57 27 52 42 25 70 60 35 72 19 12 11 
23 43 31 46 95 33 98 24 80 57 89 34 74 40 35 26 84 
23 48 28 8 89 6 58 42 25 100 66 87 97 88 37 1 44 15 65 
46 83 51 74 66 99 39 
31 28 77 14 42 86 5 92 1 26 72 19 84 2 16 
46 93 48 68 47 56 28 29 79 98 80 17 8 49 91 100 94 85 92 87 81 21 
23 33 55 92 
78 77 14 36 53 10 27 20 34 25 66 85 92 76 87 37 4 21 2 
38 33 41 48 47 10 34 6 58 70 30 90 76 67 19 15 
41 18 91 13 37 54 2 
55 59 37 
34 91 52 35 90 76 97 72 19 65 12 
30 
78 41 77 18 79 55 51 80 57 60 69 9 64 92 76 50 97 32 65 54 84 2 
23 95 41 83 47 79 98 71 10 17 20 100 69 9 87 75 4 44 65 
15 
80 66 81 
41 63 18 24 51 57 17 42 60 13 76 21 
23 48 82 98 14 71 36 57 17 52 59 99 40 90 76 87 72 44 
95 33 68 55 6 70 60 100 94 50 37 65 
46 78 68 29 52 70 37 12 11 
53 
31 78 36 53 51 49 34 6 58 42 74 100 9 94 64 30 35 76 75 37 4 11 16 
23 13 87 
38 46 56 29 24 6 100 61 5 85 87 96 11 54 84 
41 
46 95 78 34 91 58 30 35 3 37 32 84 21 
95 68 83 27 49 34 52 40 97 4 19 
31 95 33 98 71 36 17 8 89 42 74 13 66 39 94 40 50 97 88 37 45 65 
41 77 79 53 17 91 100 13 66 97 88 4 26 65 12 
55 89 
31 78 8 34 66 69 81 73 84 2 16 
65 
22 93 79 98 14 57 27 34 91 66 39 87 96 97 37 1 26 16 
28 82 17 
83 29 58 99 92 45 2 16 
98 71 89 74 59 85 30 81 
23 63 8 70 66 11 84 16 
31 95 14 70 13 59 30 35 97 37 67 21 
95 41 47 28 29 18 24 27 89 6 100 13 64 76 4 45 19 15 16 
33 81 54 2 
31 48 47 28 63 79 24 96 75 12 
41 48 83 28 29 82 79 55 80 57 17 6 70 86 76 3 19 15 16 
78 29 6 25 69 
46 79 55 51 27 66 39 64 72 15 16 
43 93 83 82 79 55 51 27 34 6 86 61 5 92 97 11 
43 31 29 63 51 27 8 34 59 90 50 4 45 
33 47 56 14 40 85 96 45 15 16 
23 95 41 68 83 18 98 24 17 20 89 52 100 61 40 35 90 3 37 7 84 
43 47 29 24 55 17 49 58 25 69 99 15 12 2 
38 31 78 79 80 49 100 9 39 92 87 37 15 32 84 21 
46 20 49 58 86 7 
93 49 74 59 85 
43 95 48 68 47 29 77 79 80 20 8 49 52 69 61 5 39 81 
22 93 98 55 85 37 84 
43 77 82 71 57 20 66 69 59 99 96 97 44 65 21 
82 17 52 
43 98 14 20 6 66 9 40 37 7 72 73 21 
33 48 68 29 63 18 14 91 74 61 85 67 44 12 62 
23 68 100 99 50 88 
22 31 33 68 28 77 82 79 24 80 57 17 91 74 9 64 92 76 97 3 44 
38 22 47 28 82 71 24 51 100 13 66 69 99 30 90 87 84 
23 95 18 71 36 53 51 42 25 74 100 66 99 39 40 85 35 3 19 54 84 
41 55 58 64 3 72 
38 22 98 49 52 74 60 69 9 85 50 97 3 
78 18 71 51 80 27 17 42 13 81 72 15 65 84 2 
28 29 63 10 17 58 74 94 44 15 
68 56 89 91 66 87 12 
22 68 28 24 17 25 61 39 94 90 96 75 72 2 16 
46 78 29 14 51 17 89 42 99 92 35 90 76 97 26 32 54 
28 63 40 90 
95 41 48 83 36 10 27 61 85 87 88 72 32 62 21 
78 70 69 85 
38 56 29 8 91 44 15 
23 85 87 88 
79 14 20 8 25 76 50 96 88 37 11 62 
41 14 80 34 64 
79 36 51 10 40 92 
46 29 63 53 42 69 81 19 
43 95 93 83 47 56 79 34 58 66 39 30 1 19 
82 79 8 61 9 16 
95 91 86 4 
48 68 56 29 77 82 79 14 49 34 74 60 40 97 3 81 4 65 84 
41 71 5 67 84 
47 36 66 
100 97 
22 31 68 47 98 55 74 60 39 40 64 76 26 12 16 
78 47 29 8 6 58 13 59 99 9 40 67 15 32 21 2 
46 95 68 29 82 14 36 53 91 60 69 85 30 92 81 45 67 65 
48 79 24 
31 
23 33 56 79 98 53 27 91 52 99 88 81 75 37 26 32 21 
65 
38 23 31 48 68 56 63 36 55 10 49 52 86 61 39 94 30 50 96 
95 56 51 
22 46 48 68 29 71 55 51 91 6 58 60 13 87 96 11 84 16 
22 93 78 56 28 29 82 14 89 58 99 39 92 90 3 15 11 54 62 
22 68 28 14 36 91 6 52 50 96 3 26 7 45 44 73 54 16 
38 31 95 28 82 79 14 71 53 27 8 34 13 66 86 69 9 64 76 37 26 7 65 62 
31 95 33 41 77 18 24 80 27 8 58 13 94 92 35 90 26 54 
48 14 24 42 13 86 59 61 
41 68 83 79 17 91 66 61 64 85 44 
43 29 77 63 79 80 59 99 64 35 37 26 65 21 
38 27 42 69 97 3 19 
78 77 55 27 20 49 89 34 60 100 59 5 39 30 87 65 12 73 84 
48 64 62 
36 55 27 70 13 9 40 92 35 37 26 67 
22 46 89 86 69 30 75 4 65 
95 83 24 6 61 40 97 3 72 
83 34 12 16 
22 18 71 34 58 25 9 39 64 97 7 67 73 
38 31 46 14 80 6 70 59 19 
48 55 
68 98 14 49 69 59 99 92 87 75 44 32 84 2 16 
49 94 35 3 65 
22 48 14 53 10 49 91 25 74 60 66 92 45 19 44 32 73 16 
82 79 36 27 91 42 70 74 100 86 35 76 97 44 15 32 54 
41 69 94 87 16 
38 31 33 83 55 10 27 49 58 60 69 76 87 75 19 15 
38 23 31 46 18 34 86 69 61 85 96 81 37 26 7 72 
3 
43 31 46 93 41 29 51 80 49 66 99 40 64 30 90 96 75 26 11 73 21 2 
82 70 66 86 75 1 32 84 
93 56 29 51 20 25 74 60 66 5 94 40 30 3 7 32 54 21 
38 23 93 78 29 18 53 51 27 49 52 59 61 99 85 92 90 1 72 67 32 62 
22 95 98 71 53 55 17 8 89 91 42 60 86 94 64 35 81 84 
48 14 34 66 26 11 2 
43 47 28 13 69 9 85 30 76 4 67 
23 22 43 78 47 29 82 49 34 13 59 97 3 72 62 
22 98 55 17 100 59 76 37 32 12 54 84 2 
23 78 29 36 49 42 69 59 92 50 37 67 44 32 62 21 
22 29 63 53 70 61 9 88 3 45 11 73 
38 23 56 98 71 24 10 17 20 52 42 39 40 88 26 44 15 11 54 21 
33 71 55 20 49 99 35 90 96 81 
46 56 79 74 100 61 5 9 39 40 50 65 12 11 54 
22 43 56 29 82 14 57 52 58 42 100 59 9 85 76 96 81 67 11 16 
38 93 77 6 42 60 13 69 5 64 50 81 26 7 44 
18 20 49 74 35 88 19 15 65 11 
13 
38 43 46 95 33 18 36 53 55 80 20 52 61 3 37 7 19 12 
41 77 80 20 8 34 58 25 66 61 9 94 7 44 84 
53 
31 29 98 3 32 
58 
36 49 60 99 94 40 26 21 16 
43 95 78 83 28 82 79 100 69 5 90 75 67 65 54 62 
47 51 91 58 86 94 4 
33 68 56 29 82 18 51 8 34 6 100 85 30 92 7 19 15 32 16 
28 63 82 13 66 87 
17 
78 68 36 80 57 52 25 66 99 87 97 81 
68 83 55 80 57 27 17 49 91 6 76 50 96 97 1 26 72 44 11 62 16 
23 95 56 98 53 55 51 49 70 13 5 40 97 26 67 12 
58 25 
78 48 83 47 56 77 63 82 79 57 34 91 42 5 9 94 92 35 97 88 1 72 73 
33 29 14 58 70 59 92 4 73 
38 99 75 
23 78 28 82 14 53 8 42 60 92 45 15 
81 
43 33 41 83 18 79 36 24 10 25 70 64 96 45 19 84 2 
95 33 83 77 63 98 53 49 89 60 99 75 44 12 
83 49 64 
48 47 66 59 5 39 75 45 16 
59 73 
22 49 100 61 30 
31 78 41 83 47 56 77 79 98 53 51 70 60 61 39 94 64 90 44 32 54 
22 77 71 24 80 57 27 17 20 49 89 34 91 61 9 7 67 65 
38 95 93 41 77 98 36 80 10 17 8 34 6 74 13 5 40 30 72 67 84 62 
22 95 48 83 47 77 63 14 70 59 72 32 54 
22 17 8 52 66 69 1 72 
41 48 68 28 36 69 81 15 11 2 
38 47 98 49 26 65 21 
38 31 46 48 28 82 58 42 70 61 39 40 87 96 88 1 15 73 54 
86 44 54 
31 93 33 41 28 77 79 89 74 66 59 30 92 76 97 1 12 84 
95 41 56 27 9 
38 22 95 78 68 56 29 10 8 91 52 70 60 100 94 3 81 26 45 65 2 
93 41 8 13 69 94 45 
94 3 
38 78 28 18 71 17 20 42 40 90 44 
22 31 95 33 83 28 63 98 51 57 8 89 91 74 100 86 94 85 30 1 44 15 21 
82 42 100 5 94 97 37 26 73 2 
77 42 39 90 50 3 
43 51 6 
48 18 98 57 70 61 9 97 67 44 
77 14 53 13 86 5 99 9 40 30 35 26 
31 46 41 79 57 42 70 81 7 16 
43 31 41 48 83 56 63 79 10 89 52 92 50 96 81 26 72 45 67 73 16 
22 46 36 60 40 92 45 65 21 
93 41 83 77 18 10 25 60 69 94 35 76 7 62 
23 83 98 55 34 74 9 94 64 35 96 1 12 21 2 
33 
22 95 93 33 29 79 80 34 52 13 86 4 67 
95 41 47 80 27 17 6 42 74 60 73 
41 28 77 63 98 14 71 36 17 20 49 6 99 64 30 50 96 7 72 44 32 
38 31 95 48 47 28 82 98 57 86 99 85 92 87 97 16 
17 100 66 30 50 
78 47 29 53 55 51 10 17 60 59 39 92 87 44 73 
78 41 29 63 58 13 86 59 64 62 
23 46 28 36 53 80 10 69 76 87 1 84 
47 60 
63 82 53 70 100 
43 80 60 72 45 62 
27 89 61 44 
33 83 14 86 87 19 44 84 
38 43 95 41 57 8 49 34 85 76 3 1 2 
95 41 48 36 6 25 86 39 35 76 87 
48 68 28 18 98 20 25 61 99 40 64 37 67 19 65 11 2 
56 82 27 52 70 86 92 26 
93 68 20 52 
43 60 59 94 35 87 88 65 
46 41 56 79 98 14 71 36 24 17 89 91 52 9 30 90 75 1 26 7 67 11 73 
28 98 27 90 50 37 26 
95 93 41 83 47 82 57 20 74 60 39 3 26 7 65 84 
46 93 48 14 71 10 100 64 50 96 45 
22 48 47 63 18 24 55 40 26 45 32 12 
47 56 51 39 40 45 
38 31 41 68 28 29 77 63 71 51 34 70 13 9 40 85 92 87 96 3 81 75 12 
48 82 79 55 17 89 42 66 86 99 64 92 50 81 4 1 26 19 16 
23 31 95 41 68 28 98 53 80 49 52 42 66 92 50 45 65 84 
46 41 98 71 53 55 8 34 60 64 30 76 50 96 19 11 16 
93 48 83 28 29 18 36 55 17 89 74 64 92 81 37 15 32 84 
46 41 68 24 89 58 25 70 74 86 92 7 45 
93 29 51 27 20 45 67 
43 28 82 18 80 10 8 85 30 65 62 
95 33 47 10 49 34 100 59 61 30 96 88 75 72 19 12 
8 70 69 87 84 
48 47 82 79 71 24 57 10 8 89 42 76 88 81 7 65 16 
46 33 47 63 82 18 57 49 89 42 70 60 40 26 45 67 19 44 15 32 54 16 
78 48 28 29 18 24 53 57 27 8 70 9 94 76 50 88 37 4 1 12 84 
55 35 32 
43 95 93 48 68 28 18 98 71 36 27 91 58 94 64 85 30 92 87 81 4 45 62 
56 77 82 98 36 42 70 60 9 30 35 87 97 75 7 44 65 2 
38 31 68 77 55 58 66 9 76 3 1 
93 14 20 89 91 70 59 5 35 50 37 67 16 
84 
23 68 83 80 89 52 86 9 40 30 90 87 67 15 
88 4 62 
68 18 79 98 89 66 5 35 26 72 
38 22 33 98 71 55 86 61 39 85 35 3 37 67 44 2 
95 41 48 29 98 24 57 49 86 69 9 97 37 
95 47 77 55 70 13 86 61 40 44 12 11 
93 47 29 63 71 36 10 8 25 1 73 2 
14 
78 41 49 52 25 73 16 
78 68 82 79 36 53 10 86 9 39 76 87 1 15 65 62 
33 68 98 51 6 58 100 66 61 85 72 19 32 
80 49 96 75 44 
22 43 33 68 56 29 63 82 6 52 70 60 39 64 30 50 26 67 15 21 
48 83 63 51 80 74 69 94 64 90 81 44 21 
18 17 
80 57 89 86 61 35 81 67 19 84 
23 28 14 71 17 20 85 81 1 11 
83 35 
23 31 41 29 82 18 71 36 53 70 61 99 40 30 87 4 7 15 65 73 21 
41 24 53 39 
95 48 68 53 57 13 9 96 32 62 
38 68 29 77 14 55 80 49 34 58 94 72 12 84 2 16 
46 95 29 35 87 11 
36 
93 79 6 74 86 35 
43 46 33 41 68 47 56 98 53 80 20 34 91 42 74 90 4 1 12 54 84 
31 95 41 29 82 71 53 8 60 13 66 69 59 5 40 85 76 50 4 32 12 73 
24 13 64 35 97 26 
43 24 51 20 8 6 61 94 30 87 7 72 44 
36 17 69 50 7 2 
22 35 26 
20 89 74 97 4 
31 29 77 98 70 97 4 
68 29 77 63 98 36 17 34 58 74 60 13 61 9 94 76 97 12 11 
66 
38 22 43 46 41 48 83 47 28 98 80 57 27 8 42 25 74 66 39 76 19 15 12 62 
33 48 82 36 51 8 34 70 100 66 69 5 97 37 1 67 19 44 
38 78 20 13 61 39 88 37 2 
46 95 78 41 56 29 77 63 79 5 11 
59 
41 83 63 27 8 100 64 50 19 54 21 16 
38 28 52 100 81 
56 
93 20 70 86 1 
78 49 42 25 40 88 26 72 
41 71 55 10 9 35 37 
93 69 76 37 1 67 19 
95 93 56 71 36 80 60 39 94 40 85 92 35 90 50 26 45 67 
38 22 78 71 66 9 40 88 67 
80 57 50 
22 68 6 69 97 65 21 
43 46 83 56 63 82 14 61 50 88 
23 93 47 53 10 89 91 52 42 13 61 76 3 4 84 
41 77 98 99 30 
93 78 83 47 56 77 63 82 80 27 20 49 70 60 13 61 92 35 7 73 16 
50 
68 34 12 
38 82 79 80 17 49 6 25 70 74 60 13 61 5 90 76 50 3 4 15 32 12 54 
46 68 28 8 26 
23 22 93 36 24 51 17 58 42 87 12 54 16 
22 
43 56 77 79 98 53 52 5 40 35 50 3 75 45 67 62 
23 43 46 33 41 80 10 17 89 13 5 90 50 67 19 15 65 2 
36 70 94 3 37 32 
31 28 98 71 24 53 51 10 27 17 89 39 40 90 3 75 37 4 67 44 15 
93 56 29 14 10 27 91 92 75 7 19 15 21 16 
23 27 89 52 25 70 84 
31 56 98 34 81 
78 41 68 47 56 29 77 80 89 34 76 88 81 75 37 4 45 67 84 
80 25 99 94 90 26 45 67 32 21 
95 98 27 91 66 35 90 97 3 37 11 21 
22 47 29 98 24 17 8 89 34 91 100 37 
48 83 60 61 85 50 67 
22 56 98 89 100 59 96 75 2 
93 48 68 55 17 34 52 4 72 
43 48 68 91 6 58 74 5 87 1 21 
68 47 14 57 17 89 25 86 59 39 90 67 12 84 
79 30 12 
31 78 98 17 34 42 94 96 4 1 45 65 16 
46 28 63 14 36 45 
22 83 47 77 55 51 80 17 69 92 87 3 1 26 72 45 54 62 
96 88 
31 14 27 8 58 70 13 69 40 30 90 54 
22 33 68 28 14 24 53 57 13 30 90 88 1 15 54 2 
22 10 
95 78 83 77 63 51 8 74 86 64 90 76 87 50 26 45 32 16 
23 47 71 20 9 64 92 90 4 19 
23 79 34 74 5 64 97 11 
38 28 29 18 20 49 61 90 
41 55 6 42 88 
95 29 98 66 90 87 4 72 
43 94 
18 36 10 94 35 1 67 32 65 12 84 
38 43 78 68 63 18 79 24 55 8 49 91 6 40 30 90 87 3 75 26 16 
43 31 33 52 30 96 81 1 44 16 
22 31 95 18 14 36 24 10 8 58 94 64 90 75 37 45 32 11 54 
31 95 33 78 48 56 82 14 36 24 53 55 8 49 61 99 94 30 96 97 32 
33 28 29 77 63 79 51 27 20 6 74 66 61 99 90 75 37 26 7 44 
43 93 53 8 34 91 13 59 30 81 37 26 73 54 2 
93 78 74 100 92 1 26 
23 78 47 56 24 27 99 39 76 96 88 75 45 12 
38 43 78 83 28 79 57 10 17 49 25 61 96 7 72 45 44 12 11 54 62 
23 43 41 47 56 77 55 57 27 8 70 100 64 96 3 72 65 21 
51 80 6 85 
38 22 33 48 56 28 79 53 10 91 6 100 61 94 40 85 30 92 35 90 67 65 11 16 
33 88 81 72 54 
82 14 20 25 74 5 99 94 40 19 2 
78 41 48 8 70 66 69 40 96 97 75 72 44 21 
31 41 63 36 24 57 10 34 52 42 35 87 96 97 65 2 
83 80 17 91 86 39 96 88 72 2 
38 46 83 98 49 25 74 26 72 15 
41 82 10 
23 93 68 56 29 82 52 85 
78 47 63 52 58 9 87 1 26 15 
93 78 48 79 80 20 89 34 6 42 61 5 15 
38 29 53 52 100 92 90 75 37 44 62 
38 83 28 63 18 98 51 10 13 9 30 
23 43 78 18 98 14 27 49 99 65 11 21 
46 95 20 74 86 35 32 84 
28 53 5 73 
23 46 78 71 24 53 34 42 74 59 94 85 90 87 3 19 44 54 
56 26 
38 95 47 77 98 36 53 80 6 25 94 64 85 37 45 54 
93 78 83 28 71 57 10 60 59 9 40 85 90 50 81 1 72 44 73 21 16 
20 19 
77 55 88 
55 17 60 61 87 96 75 67 44 54 2 
46 47 28 98 53 20 49 91 99 92 35 73 21 16 
51 70 90 50 7 44 54 84 2 
33 82 18 34 42 70 13 85 35 75 37 4 45 67 54 21 2 
38 23 70 66 9 39 30 76 96 3 19 62 
33 53 86 
46 80 34 99 37 44 
56 63 98 71 24 58 42 96 97 75 37 4 11 
31 95 68 63 55 27 42 99 39 94 64 30 35 90 50 88 4 12 62 16 
93 33 83 63 79 24 20 99 39 30 90 50 96 81 45 67 12 73 16 
31 41 68 14 71 36 51 17 89 34 100 86 39 92 3 81 37 45 19 44 73 
23 31 95 28 82 53 57 20 70 13 69 59 9 30 50 81 19 44 
68 27 20 13 
38 43 33 83 28 29 79 36 89 6 58 42 60 13 59 5 50 81 26 15 32 62 
24 53 13 59 9 96 
41 24 17 58 86 9 39 50 96 26 21 
82 55 80 57 89 58 66 69 99 96 1 72 
79 27 35 
48 29 77 98 55 89 100 39 94 85 15 73 
43 46 77 79 53 80 57 66 69 59 5 30 97 75 44 73 54 
78 77 63 79 80 6 85 30 97 1 15 
43 33 48 68 77 53 52 60 76 50 96 97 88 67 15 65 
75 15 11 
77 71 64 81 
38 22 31 33 48 98 71 36 58 70 94 32 11 
22 68 18 79 60 61 37 45 67 15 32 
22 31 48 14 55 10 20 49 25 74 100 86 69 75 19 21 
60 84 
22 43 33 56 53 51 8 89 34 60 99 40 64 92 76 81 4 7 72 45 44 
41 77 14 36 80 25 70 76 96 88 1 32 62 
43 48 42 70 
33 14 80 73 16 
78 17 89 34 1 54 21 
23 33 78 68 56 63 14 53 10 6 42 70 74 60 35 76 7 72 19 62 
31 41 28 14 53 20 49 89 52 74 96 88 16 
46 47 52 94 
56 18 51 17 66 59 15 16 
41 48 47 56 28 77 63 24 89 34 42 70 35 88 7 21 16 
83 63 98 99 92 1 32 
89 34 25 86 61 39 94 76 26 72 
24 
68 83 77 82 18 91 25 66 86 99 87 88 81 7 
38 46 78 6 100 9 39 90 96 
46 74 5 64 
43 95 41 48 82 14 10 42 9 64 85 30 50 1 67 
95 93 78 28 29 14 36 80 57 17 8 60 13 66 69 40 30 35 76 50 2 16 
41 47 82 14 51 58 61 9 85 75 45 19 44 12 54 
41 51 99 37 67 
22 46 78 48 56 98 36 20 34 70 13 61 64 35 50 81 37 12 62 21 16 
43 95 41 48 47 36 49 58 42 75 37 
38 43 93 28 53 55 27 6 60 92 75 4 26 19 12 
38 78 48 29 53 20 94 40 85 35 1 72 12 2 
63 3 
24 
23 78 47 14 20 34 91 86 85 92 54 
