67 29 90 31 98 36 5 
80 53 66 98 68 6 100 11 44 21 93 40 75 35 63 33 10 25 
49 4 29 84 95 26 89 33 61 25 27 55 23 79 72 16 
49 66 56 23 83 20 59 85 32 53 13 36 79 55 26 9 48 41 62 37 
92 67 10 16 34 20 86 37 97 17 36 82 11 93 77 91 48 
34 82 40 90 
37 1 6 75 29 64 63 84 7 46 95 72 60 94 56 3 74 26 5 
92 48 22 56 80 33 60 1 11 32 91 12 3 17 77 9 93 98 63 19 67 49 64 27 
87 52 
91 88 87 74 13 77 97 54 100 52 62 65 94 47 58 85 42 17 2 10 
85 11 47 90 
48 95 88 69 3 94 53 58 75 72 91 28 77 
79 78 36 72 
14 84 90 27 45 59 63 71 13 42 99 78 54 79 89 98 34 94 
33 
87 56 22 82 75 15 
46 91 89 37 78 85 
41 
86 71 76 64 6 51 77 57 44 26 62 93 13 20 59 45 81 
94 20 58 55 83 7 24 
47 100 32 53 90 26 51 29 92 42 43 74 24 52 96 50 23 39 99 13 31 
17 36 25 58 97 59 62 64 19 70 24 
17 92 87 74 97 40 53 43 79 18 7 13 35 78 36 75 33 
2 17 72 28 54 100 74 58 8 51 16 92 84 
71 46 23 65 2 80 14 6 64 50 54 89 8 
91 44 20 68 51 
85 20 2 28 63 96 39 92 95 55 46 30 8 99 3 60 24 84 53 
48 36 19 
44 60 69 25 49 59 95 45 39 57 11 67 
56 31 98 20 60 35 82 94 85 40 21 68 77 2 61 89 55 48 4 73 
68 46 78 7 42 5 26 8 59 49 56 12 
10 33 89 94 
58 41 9 63 24 51 7 28 87 74 73 53 98 
13 38 
9 18 78 6 
19 76 25 55 95 21 93 85 16 61 62 82 88 
2 79 15 76 19 39 26 68 28 54 72 
68 
88 77 53 
26 93 68 52 22 45 18 8 28 44 81 95 51 
22 82 39 12 56 65 47 97 27 34 70 
89 86 14 76 33 11 87 98 15 63 69 57 96 35 52 67 54 40 
23 94 46 43 56 27 19 90 62 31 93 100 67 83 78 52 75 17 37 73 22 69 51 
59 76 67 11 17 92 43 50 44 41 84 24 35 66 9 79 65 47 63 
26 58 83 71 100 72 28 19 14 22 16 7 27 57 8 75 76 18 77 
85 99 10 40 100 79 23 24 31 26 96 57 35 64 5 48 47 91 20 44 
44 33 99 4 87 63 88 85 86 42 7 32 90 35 1 
31 21 26 5 50 3 39 97 54 99 43 27 13 90 32 56 
68 88 51 73 62 98 41 99 16 38 100 97 10 37 19 30 72 52 
73 52 
47 57 6 12 82 49 86 
9 62 60 40 35 56 13 94 57 21 
66 3 20 64 43 1 7 24 47 34 49 22 94 95 11 89 91 2 90 40 70 25 
69 49 75 18 80 42 10 45 30 57 72 31 82 23 40 12 
49 79 62 60 89 33 
11 2 7 54 
25 63 44 14 6 19 70 99 50 93 38 1 34 
68 21 15 78 98 48 67 24 31 83 99 18 64 87 66 
46 79 75 57 67 43 23 73 50 22 25 11 96 78 52 84 38 35 83 58 21 53 33 17 
81 60 85 88 36 57 15 65 89 39 76 8 91 
84 4 89 3 39 
55 96 38 23 82 62 83 10 87 27 25 9 
20 17 7 2 52 58 93 98 23 70 39 69 34 28 
95 22 18 89 55 
58 34 99 4 67 27 48 11 15 60 97 26 98 12 77 43 2 55 93 
77 42 18 51 75 66 7 
9 23 75 98 55 36 41 81 83 14 10 99 92 38 57 94 1 
32 84 49 69 30 57 79 77 76 5 24 62 18 4 1 82 12 46 28 31 41 
54 33 30 83 37 87 82 20 12 11 52 21 46 47 18 55 94 28 44 71 
82 10 68 9 55 5 37 41 38 71 45 83 53 26 15 49 
20 54 6 83 48 88 
27 57 24 10 74 89 54 21 33 80 91 28 79 83 46 6 61 29 51 88 72 52 41 
17 87 51 54 66 61 74 96 
63 88 90 18 50 68 96 71 7 62 27 80 6 69 42 78 
12 88 22 38 82 4 76 5 21 51 63 37 87 68 64 20 71 58 44 
4 25 8 73 42 35 43 23 58 2 38 64 44 72 5 79 50 41 30 69 19 48 7 
54 92 59 8 6 
37 25 95 28 41 46 61 57 93 43 59 98 42 87 27 68 63 
100 11 52 23 
14 59 69 39 41 91 87 7 88 62 53 
63 77 21 73 68 41 78 30 
80 95 36 18 88 42 37 13 87 
89 60 64 75 90 35 22 38 31 95 36 81 21 6 74 84 62 65 
23 
63 68 32 19 79 64 86 58 23 65 74 54 22 93 
50 42 12 63 28 67 73 56 11 62 15 31 16 93 53 81 95 78 2 64 
27 22 70 20 39 2 82 93 14 89 40 81 24 36 78 9 54 
37 84 
4 88 61 64 80 10 8 55 
90 39 19 53 64 28 13 80 24 70 30 40 73 42 58 88 
73 1 40 57 78 
92 
2 61 6 84 31 63 80 75 46 26 22 49 68 53 
72 96 44 32 8 70 31 80 5 69 25 3 45 77 14 4 60 23 
23 44 
66 51 63 68 69 20 3 83 
7 26 87 84 55 2 88 82 
91 61 19 75 38 71 56 70 95 58 63 78 48 
68 14 66 39 97 63 7 69 55 90 16 93 59 54 72 71 
49 27 63 15 6 30 92 85 50 60 12 56 68 61 16 22 48 77 
10 32 58 76 25 
88 34 11 12 41 79 75 27 9 84 8 7 62 70 29 94 22 28 
50 77 34 29 45 52 78 96 9 16 19 68 
58 53 66 17 32 73 19 29 38 77 78 69 52 4 
50 13 84 98 68 99 31 63 73 28 66 61 70 17 38 81 23 
63 44 82 57 40 43 62 
71 91 7 45 36 22 34 60 11 84 
7 32 4 38 75 12 29 15 57 97 
72 20 28 5 96 34 33 88 87 74 97 68 40 60 63 15 24 
39 72 68 24 85 
13 56 7 73 63 97 35 86 72 46 10 
95 26 100 33 4 41 23 82 48 70 54 28 18 94 9 39 
35 57 23 71 22 98 46 41 81 20 67 49 60 31 33 10 96 37 58 18 45 
95 41 40 82 23 50 5 54 36 70 47 63 
54 19 93 66 24 47 
77 29 59 39 79 30 75 20 94 92 33 68 38 1 10 
1 96 53 34 76 20 57 77 51 38 68 9 93 22 86 82 15 
3 4 22 86 77 10 13 82 66 20 14 95 
100 31 28 15 33 24 71 43 17 74 
64 92 97 36 63 48 25 23 99 81 52 90 31 21 62 79 
30 70 17 27 76 
29 41 63 80 6 65 4 70 52 59 7 51 14 64 13 47 26 8 83 
13 43 99 58 14 54 
13 12 88 33 93 51 99 31 67 91 68 24 8 58 21 
55 100 97 39 36 63 23 28 81 58 18 41 60 32 80 19 
33 7 
79 64 61 5 78 16 
85 35 
44 40 5 98 76 
91 59 22 69 75 73 92 97 31 68 18 15 94 3 23 53 13 58 36 5 78 
65 84 8 83 88 97 69 26 75 
53 62 100 80 20 75 
93 1 21 94 99 27 95 8 79 23 53 49 76 13 47 83 
62 39 45 36 93 71 94 54 99 42 35 31 44 20 66 
25 76 62 31 2 4 43 94 59 74 95 32 71 9 56 78 26 8 50 63 72 16 97 39 28 
42 44 21 55 1 7 24 38 89 61 93 50 48 37 74 73 10 39 
79 
54 47 20 6 56 11 82 60 51 48 78 61 55 53 3 59 86 1 79 19 87 95 8 97 
63 30 18 9 
83 
31 42 56 50 77 95 46 10 78 33 3 6 81 58 34 1 79 53 89 
55 90 97 11 24 14 69 77 59 89 78 93 38 60 66 31 
93 68 11 32 38 
63 4 
38 46 42 96 55 82 20 40 31 35 50 
30 54 9 5 
31 34 11 54 85 82 87 15 6 8 33 4 23 
52 6 63 76 20 72 33 81 7 25 41 58 77 
67 53 79 35 86 19 55 83 1 84 63 93 18 42 13 59 66 
3 68 27 37 36 45 88 62 61 26 77 20 
36 93 83 99 64 17 
37 48 73 64 52 97 53 22 31 42 13 44 20 79 3 15 
4 17 75 56 87 80 86 34 33 62 10 63 77 88 42 
65 27 18 29 97 59 21 
87 99 91 8 9 95 24 90 5 29 96 33 20 82 81 
40 34 20 69 73 79 56 86 27 12 92 36 32 25 
99 58 4 11 76 89 
47 43 16 78 94 51 72 50 10 31 1 76 93 91 
50 21 17 69 93 14 67 4 47 6 13 23 83 9 46 41 
47 83 30 98 54 65 53 82 
73 28 46 19 61 83 32 20 26 29 31 85 72 41 91 99 21 7 77 39 
69 61 49 98 4 85 25 3 100 96 48 18 67 93 
8 
72 71 57 36 77 3 23 18 66 80 84 33 79 92 34 
83 72 57 32 41 8 38 80 58 33 67 89 35 81 
8 29 49 48 99 61 85 44 57 78 62 92 97 64 65 93 46 9 
84 65 2 41 61 31 1 24 99 22 56 80 75 23 4 
68 19 92 61 93 32 88 71 4 
6 64 17 48 89 52 88 86 96 73 76 18 23 19 93 67 91 38 7 66 60 
51 11 62 16 41 
19 84 23 42 
35 
42 12 51 
74 39 24 25 41 81 31 20 92 
90 53 7 
36 18 33 56 68 92 10 85 38 89 94 
74 22 48 26 69 58 
53 29 31 
72 44 24 80 55 39 40 94 3 19 82 48 41 75 
13 31 41 76 34 97 95 10 52 6 82 9 1 94 19 48 28 51 65 42 85 49 
91 23 99 96 100 41 51 80 24 5 59 70 
92 97 31 65 63 4 57 11 15 54 25 64 44 95 73 6 37 
62 56 99 76 75 64 16 90 80 97 59 48 17 31 58 23 40 96 22 5 43 
26 62 56 71 25 
4 83 92 25 23 58 63 46 75 3 99 57 88 49 64 14 33 96 67 90 95 17 19 41 
43 46 33 5 21 45 96 3 48 7 69 30 24 11 38 25 10 
37 14 51 16 25 100 32 89 17 94 81 40 99 52 7 75 57 18 48 42 29 88 
69 4 2 30 68 51 
73 25 11 100 
32 53 95 
12 31 20 58 79 34 90 39 98 24 27 99 86 91 25 26 49 15 36 
17 34 
95 23 
88 80 6 13 98 93 39 4 55 96 
14 11 28 87 56 31 82 21 57 60 77 45 84 3 47 
25 3 6 69 48 66 47 2 24 43 12 
73 19 55 88 87 24 52 96 47 16 
63 85 14 35 46 3 8 4 
61 74 6 43 37 7 50 100 3 49 95 23 29 77 22 55 27 
37 94 27 65 18 6 95 3 63 38 69 56 22 71 91 8 4 
51 90 19 48 65 38 14 59 5 85 
38 78 12 64 33 83 91 60 24 40 76 48 
35 6 95 98 56 69 87 42 88 20 21 12 
66 5 42 86 6 20 52 93 45 36 
77 80 42 47 36 20 48 
70 88 90 39 63 6 43 3 80 30 60 62 99 54 77 52 
31 97 13 48 21 74 83 6 25 37 41 70 9 29 18 1 7 
96 27 72 31 90 5 66 87 38 40 34 61 62 
31 23 41 63 25 82 61 28 
58 37 80 63 2 69 96 71 73 64 94 53 65 48 93 8 
99 91 44 89 22 26 52 81 96 50 17 33 24 49 23 64 59 79 86 
12 31 38 77 53 56 69 46 36 100 34 39 13 35 74 92 48 93 45 
61 3 92 7 89 6 28 44 63 48 
1 86 18 100 20 95 10 93 22 62 54 29 70 61 17 47 91 7 51 14 
30 23 33 38 28 78 44 69 18 60 72 95 47 84 9 50 49 
2 9 67 59 88 61 3 30 1 94 95 43 77 27 90 97 33 15 80 16 91 23 
16 56 49 21 15 55 10 80 81 25 77 38 29 59 43 91 97 78 74 28 69 
4 83 84 31 
10 66 92 8 21 45 69 71 57 73 14 
50 19 24 84 71 88 42 10 76 96 63 100 51 45 14 97 95 79 70 43 4 23 
62 26 8 100 92 35 61 40 43 41 
21 16 15 83 91 27 20 31 5 
43 13 75 64 5 82 8 23 
38 43 25 57 67 82 50 95 40 
30 88 91 26 43 84 66 94 32 3 54 31 38 92 
25 57 92 15 91 5 31 27 22 41 97 
46 34 2 57 16 89 61 99 62 20 33 75 23 98 100 26 42 56 29 
95 9 8 53 55 
93 72 46 11 99 87 23 54 48 66 
89 94 40 10 100 4 18 1 87 90 98 60 50 81 85 38 43 56 
64 3 91 81 14 94 33 57 38 96 92 76 4 89 15 
41 88 45 
50 23 86 76 51 41 43 44 69 99 79 24 21 46 57 6 
57 27 42 49 75 70 22 21 55 23 44 54 71 85 
33 75 99 98 20 
51 42 34 28 78 7 58 18 16 50 36 95 100 37 
15 29 2 43 81 85 69 40 13 25 88 58 35 72 76 92 32 61 17 
57 21 74 6 71 13 70 92 28 93 81 31 47 34 95 36 33 76 18 
49 76 38 93 43 41 57 74 53 90 88 50 27 61 19 5 
36 3 46 13 8 77 12 73 14 9 100 
29 27 36 94 26 24 91 19 12 79 39 90 47 45 
20 47 57 73 94 1 79 19 12 69 15 58 95 83 89 29 71 62 68 10 16 50 
32 57 23 
93 60 8 95 
72 9 100 59 57 42 82 53 97 52 79 21 23 38 71 55 18 44 22 95 
58 48 27 77 94 100 82 81 87 40 26 61 
12 37 73 17 28 55 57 72 34 38 68 19 
83 19 38 10 5 22 99 96 17 28 2 50 81 80 93 8 
64 23 
68 51 27 40 83 99 16 93 10 97 2 67 54 71 33 62 80 25 
59 100 91 93 28 4 96 29 20 84 79 98 99 89 49 36 
7 98 17 44 32 23 49 18 46 93 3 43 19 
75 81 42 98 10 59 29 49 8 92 62 64 85 1 15 48 40 
23 66 68 22 44 87 78 34 19 35 
92 7 42 93 55 77 27 17 
90 54 46 95 88 78 13 
94 28 100 4 10 19 44 90 43 46 29 1 47 86 83 38 76 31 85 
22 12 3 67 46 35 59 38 60 55 71 
40 98 85 41 83 100 33 25 20 39 46 76 55 78 1 
8 82 13 47 57 92 14 87 
41 74 59 2 96 97 21 35 
83 14 86 1 91 78 64 10 22 59 54 11 61 94 48 42 77 65 
88 76 31 71 92 72 41 35 58 50 54 66 34 24 93 83 56 99 84 68 55 
56 69 43 79 30 20 72 19 5 90 26 27 82 96 60 18 9 36 93 63 
31 80 75 2 
92 59 22 13 
66 35 13 12 7 25 86 14 47 91 32 8 92 57 48 
2 27 58 51 11 25 74 19 68 67 47 
82 64 43 22 75 39 
34 18 32 14 13 38 54 81 90 85 42 56 2 25 80 59 84 91 92 10 74 89 
71 36 45 92 24 70 4 22 59 
13 21 32 28 44 20 
24 49 60 20 8 58 32 61 71 70 42 
99 64 44 74 38 83 86 42 81 58 43 45 
6 36 42 73 56 61 25 78 65 27 17 19 11 89 100 45 54 75 31 76 23 
91 94 
4 19 20 98 83 61 9 57 100 22 10 34 13 95 55 45 77 
96 22 46 
7 24 59 77 28 91 93 72 3 66 67 10 27 40 25 17 
90 20 97 23 78 98 87 40 75 96 1 4 
36 90 94 48 67 38 50 12 78 2 57 43 72 
47 55 5 
81 30 27 74 29 78 18 47 
60 24 57 
70 55 48 47 93 14 67 16 95 38 63 36 7 84 2 45 
1 62 66 18 100 86 78 64 20 33 6 76 61 10 55 
66 11 88 8 100 96 14 86 56 79 60 16 22 82 27 31 59 3 20 
46 72 21 82 71 42 55 20 30 19 61 1 67 29 83 14 
83 51 57 64 92 74 59 61 7 94 36 81 1 79 80 90 34 
20 78 27 
30 4 46 48 33 66 52 
64 14 
53 93 85 60 38 41 9 50 91 26 11 23 71 94 81 52 68 33 86 54 14 61 
87 27 37 5 18 26 39 3 17 22 29 45 
63 13 48 62 
4 14 98 80 91 15 20 95 30 72 
67 30 95 35 99 73 7 69 37 38 77 63 48 8 98 82 49 86 36 88 54 
79 29 12 25 26 37 58 8 68 15 52 
75 61 20 76 72 73 35 1 95 80 
78 57 36 23 20 65 47 
56 39 90 97 61 10 59 14 13 27 47 6 4 9 20 68 58 78 
59 60 34 80 48 86 13 96 50 
57 13 44 17 50 34 47 33 24 30 
26 47 77 12 17 80 73 65 10 86 22 55 29 94 13 21 57 39 
69 63 17 82 68 40 21 
83 46 43 55 76 23 3 1 51 35 93 5 53 30 39 66 38 97 
78 80 89 42 37 11 12 31 48 2 85 30 3 24 38 
84 65 90 76 37 77 39 13 85 22 42 45 33 80 57 96 
88 59 
12 62 35 99 74 14 34 60 4 86 42 84 72 3 
63 21 45 59 35 31 33 38 23 92 55 27 28 57 79 76 69 91 
92 32 78 88 90 45 53 100 26 60 9 15 21 17 81 7 11 79 96 27 
91 32 1 89 47 40 8 37 3 18 55 
30 81 85 20 11 19 51 21 6 89 65 33 25 93 39 59 48 1 
40 63 75 64 13 9 51 77 14 95 26 71 
61 8 76 65 49 56 74 46 45 67 68 28 81 20 33 52 5 1 69 
50 60 58 64 44 20 83 35 22 34 90 47 38 5 94 80 24 
84 77 82 62 76 
64 3 61 41 
78 97 33 54 36 82 46 26 
9 24 65 10 28 79 
64 74 21 4 86 29 70 56 78 88 
51 34 10 12 60 59 7 69 89 67 33 23 
62 89 39 5 33 28 9 70 22 79 32 
20 82 60 3 9 38 50 78 92 89 62 70 36 79 28 98 26 19 
52 80 56 49 2 3 
33 57 23 10 60 65 18 49 88 
99 63 91 38 93 40 31 11 92 2 73 88 54 13 
7 10 71 3 78 64 16 74 55 
65 100 14 71 99 
65 60 96 48 27 100 11 32 84 17 4 46 14 63 21 25 
63 11 25 13 71 98 33 78 86 95 54 70 38 74 37 89 93 14 27 
94 86 78 100 20 81 47 
57 46 40 70 54 99 79 28 66 93 86 
9 88 46 15 21 22 45 6 27 47 87 53 24 97 54 90 34 65 51 
79 37 54 25 22 86 61 
42 54 82 6 43 55 
52 90 62 93 94 88 74 49 63 72 39 27 77 
100 83 82 28 69 42 2 26 64 36 4 75 
68 67 91 32 53 64 45 75 
68 24 20 17 30 42 66 41 77 74 72 
30 3 63 48 86 39 17 94 74 34 84 51 61 90 32 46 79 44 4 
5 8 25 10 40 70 95 21 32 13 71 55 92 
79 1 97 75 6 67 48 56 47 5 87 60 42 
28 7 14 95 17 34 59 72 75 51 99 60 3 84 46 87 54 67 68 30 
78 80 71 51 94 53 55 83 26 
88 59 81 56 13 10 76 68 78 37 66 29 30 18 49 61 28 
31 68 53 60 85 14 23 
88 10 19 39 90 75 
67 87 43 68 31 83 58 
61 31 38 47 59 29 25 89 83 100 28 4 85 90 35 21 53 78 84 40 
61 34 52 32 47 25 67 40 
66 93 82 81 
40 65 95 41 59 99 51 52 
68 28 57 63 95 2 6 16 92 66 
99 42 19 5 43 84 16 54 71 10 95 15 97 
27 95 49 26 
53 62 92 
18 70 42 76 17 87 3 97 75 5 49 93 92 27 26 37 39 44 73 95 58 90 
7 90 
34 24 85 12 6 15 84 98 52 28 86 25 99 74 64 57 
66 22 54 
6 16 81 24 78 2 8 66 60 14 62 34 5 
16 80 28 
7 30 92 8 33 49 66 68 39 65 13 82 73 95 
18 98 38 99 65 95 
37 70 72 74 68 81 33 52 5 
97 87 64 36 34 82 46 44 12 31 47 93 29 91 2 65 92 38 80 60 
86 50 100 52 89 57 23 7 91 35 45 74 37 72 
26 74 87 27 33 86 31 12 
68 56 40 45 52 81 33 69 78 65 71 98 23 58 8 11 14 36 
38 
86 79 59 56 44 96 75 55 68 45 5 39 95 48 85 57 32 43 94 77 53 
24 64 66 77 97 3 12 68 28 5 22 72 
21 10 31 73 52 25 9 65 
54 15 30 62 
70 65 57 11 38 21 52 49 
46 48 71 59 58 65 91 89 72 44 29 50 24 27 93 83 79 40 42 76 68 6 75 
80 17 62 98 9 70 79 47 5 64 67 97 94 68 90 
8 89 87 58 31 
71 16 23 3 64 18 20 47 66 
76 41 48 75 58 
9 70 60 56 7 77 61 12 20 46 
92 44 38 10 31 6 61 56 3 25 1 33 39 68 69 78 80 85 62 23 
38 
68 90 38 19 93 83 81 33 46 47 86 
14 1 49 27 65 2 20 74 45 95 85 7 39 69 34 57 91 59 
98 17 38 40 56 33 83 66 69 49 63 26 25 43 10 85 62 13 48 95 55 31 
31 76 13 20 24 46 80 90 58 48 50 2 42 79 23 97 22 
46 24 82 20 14 11 64 25 65 
33 83 10 28 95 71 18 78 30 35 74 15 31 
93 28 100 70 72 10 9 34 69 23 39 49 24 22 13 1 73 91 87 17 33 80 
52 
72 54 95 86 11 25 2 8 89 24 71 81 77 85 79 7 
89 6 4 33 24 20 34 17 49 41 72 87 46 50 88 97 53 38 57 
19 2 7 10 38 36 67 85 93 22 31 12 
10 100 32 40 75 6 79 55 
90 27 33 5 58 59 37 12 77 43 70 89 76 18 85 65 17 19 71 79 51 
57 24 79 82 90 44 26 43 1 100 
61 36 69 58 47 80 4 76 66 38 50 89 65 45 
68 93 61 
9 66 91 19 97 30 98 94 81 
89 97 12 17 42 
55 19 95 32 94 41 3 64 33 81 39 24 70 66 5 51 93 61 100 75 18 
41 19 
22 88 31 66 25 65 58 85 52 35 20 51 11 41 61 86 
64 18 39 43 69 56 34 54 28 22 31 100 6 73 10 71 93 27 7 
77 16 40 90 17 67 
71 56 
60 9 71 20 76 100 53 83 12 
90 80 83 
4 85 93 86 51 57 98 92 75 60 58 3 94 28 9 79 38 47 56 45 
45 43 82 47 56 83 24 44 58 18 17 71 10 85 53 79 
1 95 82 56 31 33 65 68 20 29 67 62 34 
73 83 38 43 49 88 80 24 99 56 19 72 37 26 51 17 52 
44 68 80 39 87 29 77 55 
89 79 81 
78 48 98 53 68 
8 25 34 64 47 10 2 60 67 43 16 54 76 23 
29 46 71 22 66 96 87 26 65 21 77 57 28 79 
87 57 42 22 61 60 68 91 8 67 9 26 28 
66 79 69 34 9 85 48 92 41 22 50 28 93 53 23 39 
23 51 81 46 74 37 71 19 1 75 96 13 31 84 22 
10 77 71 83 94 75 44 38 82 61 36 98 43 64 
50 4 40 86 28 9 61 96 8 
46 43 17 12 62 27 100 7 15 60 88 
46 93 13 86 63 25 71 75 
69 5 34 41 45 60 44 67 82 81 72 2 63 9 30 13 71 92 66 
52 33 72 14 18 98 67 38 8 75 45 30 85 12 26 97 63 100 
100 91 53 52 56 4 50 
27 78 33 5 2 89 92 47 20 9 23 7 43 38 30 
41 55 15 64 35 22 100 23 40 82 80 12 57 45 13 
86 30 10 99 98 16 4 43 9 58 28 78 75 26 34 
86 91 18 48 66 
81 24 15 94 57 18 89 95 82 
40 31 80 24 5 25 59 50 17 48 11 56 71 
55 31 92 54 73 47 14 90 5 75 
60 27 90 9 54 74 25 49 53 77 18 38 33 
94 18 95 52 14 84 38 80 12 85 59 25 47 
49 37 32 20 62 
33 26 78 39 58 19 89 17 34 3 35 56 11 41 8 69 
66 2 96 78 52 60 49 12 33 3 68 28 17 77 81 89 21 8 23 10 20 62 
38 91 99 86 48 60 88 46 63 3 83 69 6 41 7 16 19 20 85 56 
2 9 92 65 63 83 12 26 42 82 99 20 33 84 5 66 90 31 11 73 25 18 19 
14 71 44 20 80 35 48 57 82 84 33 1 88 29 51 
69 56 91 25 54 57 3 71 81 39 77 46 40 17 94 
45 77 96 49 72 79 5 48 78 65 55 18 69 9 
21 94 47 57 37 36 60 18 29 6 14 16 66 10 75 39 54 52 33 80 
23 84 2 92 28 75 32 96 57 54 66 21 77 24 56 87 97 60 
43 3 89 94 35 4 54 99 26 2 76 93 22 40 18 
68 55 10 45 85 32 5 4 25 96 50 74 75 23 16 
50 81 36 
58 42 50 76 52 1 27 5 54 91 82 8 93 
60 72 45 99 7 3 30 67 71 76 
61 22 14 99 52 64 62 
84 51 34 100 72 46 85 2 76 79 52 78 48 44 28 58 32 26 88 
72 67 87 3 7 77 96 27 11 57 8 10 
96 94 71 4 64 61 41 76 
24 99 91 67 80 6 15 97 1 58 7 71 22 90 47 79 
35 50 23 42 68 31 22 55 99 82 1 39 89 38 33 18 19 21 91 6 49 8 
74 10 48 35 
2 59 99 92 22 19 45 32 75 69 55 13 93 39 76 64 31 66 
30 35 43 
63 81 60 77 55 25 8 71 97 50 52 48 98 68 65 84 67 1 56 22 35 
18 26 72 46 50 11 67 32 71 79 20 58 57 87 69 77 24 
95 66 43 23 75 21 94 15 3 57 27 52 77 91 
90 28 
21 
1 15 53 65 69 33 84 30 25 50 
74 5 59 84 79 49 25 13 
85 27 
47 50 52 25 26 59 76 32 13 100 21 7 55 60 68 5 87 89 71 34 18 29 82 91 63 
44 28 54 97 93 30 87 
90 65 88 45 57 43 14 71 49 30 59 62 24 98 32 37 15 87 86 
53 62 86 9 12 89 21 92 79 38 54 81 16 27 49 51 64 11 70 
51 38 81 19 10 93 57 23 39 12 68 97 67 27 73 28 8 60 2 52 69 96 
69 21 76 
65 16 29 31 53 8 18 51 48 27 9 55 37 38 46 
32 77 54 59 27 74 83 61 13 5 8 47 81 22 49 93 55 38 87 25 98 94 33 
58 88 38 71 
26 29 74 95 88 9 30 66 82 47 67 
79 56 12 31 60 68 18 22 14 
53 6 11 87 79 25 60 82 72 70 19 39 67 88 22 92 43 38 40 
81 51 19 69 58 63 82 84 2 65 
62 37 90 5 53 82 27 31 29 46 85 59 79 
26 23 45 13 98 
32 92 83 17 24 34 80 43 3 14 42 87 53 48 67 36 89 88 33 44 9 73 68 
32 20 41 49 96 30 10 36 46 39 72 67 34 73 95 
75 60 4 70 80 25 95 6 55 79 82 19 53 5 63 44 
19 
34 36 97 7 62 26 15 46 88 67 21 49 9 69 87 20 37 96 
79 83 10 23 33 41 
69 81 33 34 9 61 30 99 70 50 25 82 12 89 51 38 4 53 
23 44 32 12 33 8 55 26 61 43 37 65 49 39 92 62 63 78 79 77 54 
97 43 52 6 34 49 32 90 73 92 36 89 45 11 75 68 26 
74 83 12 
30 89 3 23 27 96 7 47 52 78 33 5 59 
91 64 40 20 84 44 22 97 27 36 65 4 30 100 86 
60 79 91 8 51 81 47 71 14 55 33 40 21 
70 31 
84 53 82 45 68 
98 26 14 70 8 23 33 75 32 52 38 87 57 60 64 6 35 100 12 
28 37 85 63 61 18 10 
88 81 1 17 49 70 44 72 15 4 20 18 26 36 61 
15 60 13 10 50 
4 39 77 94 85 22 50 13 70 32 
3 50 52 37 92 84 
13 96 4 58 54 85 71 92 46 9 
43 26 51 16 
99 85 6 76 64 29 
27 83 38 92 5 59 23 57 42 85 67 53 76 51 24 47 
4 89 95 56 79 80 30 60 51 21 53 72 40 74 
47 52 42 73 91 27 7 76 
26 36 68 22 8 57 11 85 87 78 20 31 2 9 
83 60 7 69 100 87 70 31 48 59 73 26 56 41 13 39 77 80 15 62 89 64 40 
6 99 25 10 37 100 13 2 30 95 94 52 
43 99 76 69 14 74 21 42 9 48 72 7 57 47 100 
30 57 61 87 31 71 40 32 17 9 76 99 55 5 44 74 37 96 
1 66 79 53 74 50 31 
72 62 
46 70 75 47 50 81 4 5 
92 60 87 80 41 10 96 21 
31 20 47 56 46 2 86 55 80 27 4 
85 70 50 7 72 32 1 43 49 62 
62 61 53 93 97 17 
83 9 59 16 25 77 71 73 47 97 
63 80 6 40 85 51 35 88 74 28 86 38 47 
96 13 90 43 95 82 46 14 83 36 19 93 23 15 58 78 53 20 59 18 40 
68 42 46 95 79 93 44 45 4 35 27 89 86 25 84 
23 14 97 45 8 53 4 
73 29 36 64 52 
4 62 90 92 79 18 84 42 91 39 12 83 56 85 11 23 15 82 70 97 76 51 
36 40 93 39 65 
47 
19 69 66 24 48 8 97 57 37 34 65 92 32 18 89 46 68 94 50 99 
46 39 75 42 100 6 10 80 24 23 11 14 49 43 71 97 69 28 27 
33 66 2 70 5 30 9 43 63 
54 48 58 83 70 46 82 38 51 98 62 86 92 69 19 
38 8 15 59 5 80 17 95 40 58 100 18 91 35 75 41 98 73 
93 89 98 16 100 24 2 94 35 39 14 91 83 88 13 92 12 86 34 23 70 
14 16 19 8 99 79 88 29 55 60 28 98 43 41 17 
31 48 19 67 50 23 69 8 59 90 
98 86 83 95 26 63 52 76 99 72 21 96 57 71 7 66 68 43 93 23 89 85 73 
64 70 21 11 46 31 
31 48 7 73 60 53 32 16 37 59 88 96 33 50 95 34 10 68 56 
27 76 4 70 39 79 86 15 98 3 34 5 75 74 38 26 30 1 
74 45 15 8 22 28 76 97 35 20 84 16 69 87 48 
67 87 16 57 29 63 95 
17 73 48 8 36 85 34 50 16 83 68 61 54 88 25 27 77 72 
63 13 29 42 51 91 65 53 
18 23 52 60 1 56 33 77 
95 9 4 80 58 82 59 11 38 98 47 96 57 44 
89 95 14 31 99 80 2 3 46 68 5 52 84 93 32 20 61 56 35 39 33 58 
36 19 17 62 13 23 88 56 97 
52 41 91 62 26 97 56 23 63 82 98 42 87 89 
72 25 85 82 61 30 17 8 52 92 
57 71 
32 56 35 100 5 44 54 91 62 14 63 73 34 90 19 
42 13 49 41 39 17 43 67 12 40 
51 17 33 60 13 20 75 44 86 23 
55 43 20 63 51 77 26 88 68 14 97 45 95 94 29 52 49 54 5 46 
4 6 16 36 28 65 99 49 48 78 52 19 76 14 77 71 20 12 
72 14 16 52 18 20 75 100 89 84 62 13 85 40 48 36 43 17 88 49 12 
43 26 7 69 15 
17 57 65 48 60 63 7 80 100 18 53 84 4 37 55 5 75 93 36 
85 66 61 21 53 58 90 35 72 15 32 47 51 11 29 33 49 
33 1 53 26 
87 22 73 70 38 80 4 77 99 48 11 94 24 
83 78 22 74 29 84 56 46 17 75 33 82 31 51 12 64 8 25 89 34 77 48 40 
5 97 76 13 27 40 78 49 100 37 41 20 36 67 
87 54 
92 46 54 71 69 33 45 68 96 24 3 94 63 55 
95 48 79 17 15 19 4 43 3 47 25 58 89 53 49 83 
32 25 7 68 28 48 85 39 42 31 74 13 53 80 63 8 1 33 69 61 
20 53 45 66 90 
19 23 94 74 87 38 46 78 30 40 33 68 47 
30 94 54 29 56 49 50 71 6 64 63 51 99 24 5 59 18 67 73 1 
91 34 80 40 6 86 98 32 
65 72 53 29 
34 56 96 22 16 75 53 89 23 19 59 82 15 44 84 14 60 74 91 
93 33 39 32 17 24 79 44 35 23 70 34 2 47 3 36 
98 45 75 
49 53 73 76 33 67 47 39 66 46 
20 90 53 68 50 34 98 38 75 45 61 76 6 13 59 93 
71 57 4 8 83 2 85 14 32 13 33 63 60 96 
27 21 
72 10 64 15 84 94 61 54 39 43 49 88 13 24 44 38 51 31 74 46 78 95 
94 67 91 13 19 
58 56 99 10 66 62 
47 39 27 
1 86 13 84 38 9 98 36 96 65 40 57 78 99 
90 89 35 12 
41 38 84 31 100 63 33 16 6 11 50 
29 96 28 91 100 58 85 9 76 47 70 64 
27 98 6 11 80 
93 64 92 51 47 48 2 14 70 44 31 30 13 98 
100 78 25 35 38 96 74 81 2 42 28 15 22 68 
32 20 62 76 
92 68 31 75 82 20 61 93 53 9 95 36 90 58 100 96 69 79 46 98 83 32 
58 18 83 
41 91 85 21 53 73 54 29 27 15 80 23 97 92 88 46 
25 1 67 28 86 65 70 
37 29 78 17 91 30 55 25 99 6 9 
32 61 93 43 88 41 51 
53 15 12 44 25 24 65 8 87 68 58 48 54 34 
2 94 40 13 73 77 35 37 67 44 66 31 12 
72 92 50 15 95 56 66 3 28 79 89 
100 42 3 89 88 20 90 8 44 40 19 61 67 92 76 
91 93 5 82 2 4 95 1 10 29 61 90 42 
43 92 91 89 3 45 4 64 96 34 53 35 73 58 12 66 87 52 
77 61 5 16 30 67 50 8 18 37 95 44 7 35 14 80 11 51 43 31 45 
80 93 6 78 40 66 20 34 72 19 99 11 97 24 27 58 18 5 85 10 
8 85 63 46 22 47 79 55 35 7 74 78 18 40 
28 31 29 
42 35 26 83 2 28 74 63 58 50 89 3 45 86 34 85 
19 92 74 93 30 51 57 85 96 48 90 6 32 41 98 50 66 63 3 67 
97 30 38 78 86 83 65 25 98 68 7 
43 57 65 30 10 17 81 74 91 6 85 45 49 95 8 
1 93 39 29 31 22 99 16 98 88 21 59 51 6 94 97 11 
84 71 2 35 100 29 80 72 40 93 67 54 64 8 88 
36 82 73 41 12 49 76 8 93 60 86 29 35 18 70 94 34 14 68 3 65 
32 33 84 94 83 42 1 24 22 74 60 100 97 96 41 78 
81 26 30 51 53 4 29 41 75 33 7 74 86 31 71 40 54 73 36 94 11 16 
19 38 68 34 
29 97 10 11 18 43 56 36 13 64 8 42 77 37 51 
26 28 86 35 5 91 80 
43 
42 50 65 47 72 41 33 92 71 48 22 44 40 5 64 56 1 30 80 67 
54 49 47 74 69 59 68 51 38 94 99 22 41 64 84 17 81 93 86 
95 17 69 49 25 7 74 58 94 28 9 35 47 82 45 
69 81 77 96 84 6 17 13 50 16 57 
99 76 95 93 50 86 97 7 83 77 
66 93 67 79 36 6 76 92 73 20 11 10 30 31 41 96 42 
99 14 49 29 97 70 86 59 19 32 48 75 10 69 12 21 38 77 
90 51 
7 73 79 47 31 68 89 71 43 61 18 21 98 74 37 
32 37 89 79 22 63 29 73 
74 53 13 65 54 88 73 40 24 71 15 77 23 44 27 72 31 21 
56 69 71 42 32 90 30 3 95 61 5 14 9 74 66 34 40 18 
62 5 43 50 3 95 52 28 59 31 10 38 7 83 86 78 36 9 19 40 
66 84 55 30 36 51 
27 55 
78 6 48 
25 45 12 63 66 23 5 10 82 
80 18 11 61 49 60 
23 5 99 84 89 46 87 51 
97 72 12 8 92 29 46 57 70 50 87 47 36 40 95 3 14 30 100 74 62 25 
41 94 29 37 39 76 3 62 71 91 90 84 34 4 96 92 8 
91 38 85 80 52 100 37 7 51 45 
2 59 45 76 72 68 46 32 8 63 88 40 82 64 6 39 91 71 54 67 65 61 
57 62 85 71 9 26 27 42 39 45 24 6 74 11 31 34 33 55 95 3 56 35 
72 46 32 68 22 75 1 53 93 38 8 30 45 80 57 34 47 15 92 81 
84 1 70 15 28 97 30 83 
71 83 53 60 86 23 77 28 58 56 66 72 61 97 15 38 70 
89 37 6 
40 79 88 45 68 12 13 24 64 52 19 17 99 16 56 34 46 93 76 
24 82 90 73 60 25 38 
43 22 25 90 45 24 7 66 57 96 20 100 89 60 18 
91 66 58 78 67 47 88 55 18 5 89 
56 37 95 49 20 14 7 54 90 33 3 12 60 92 25 52 43 66 74 72 71 59 
89 
66 53 3 75 60 55 56 15 51 23 5 
71 23 64 87 12 91 43 92 24 10 32 93 6 25 66 44 82 56 62 21 51 
89 99 43 66 32 13 
65 
22 57 6 80 9 79 21 76 50 74 
87 52 78 3 93 61 21 90 59 28 55 20 89 15 39 
53 47 78 24 60 
21 41 88 49 65 
78 71 51 85 49 72 
72 75 28 16 18 74 96 49 35 78 
13 48 3 73 99 44 50 80 70 
83 28 95 49 54 5 78 75 70 47 77 88 80 93 35 38 68 32 30 21 41 
64 9 29 94 90 36 48 63 53 83 99 89 3 42 2 4 57 37 30 87 84 11 
86 66 2 91 83 15 56 20 23 98 80 42 6 31 17 
46 73 66 28 3 50 32 42 90 81 8 93 100 57 
34 47 7 99 36 37 39 45 82 81 58 78 57 52 59 
31 67 41 55 7 5 75 12 62 44 28 97 26 100 21 
38 49 1 93 8 84 36 43 
7 37 64 28 73 100 76 39 77 11 15 46 84 87 42 86 68 69 6 10 33 65 
6 45 74 98 24 95 79 28 94 47 5 
45 76 71 63 40 6 38 47 41 
58 33 76 14 
66 23 52 47 24 95 6 4 26 96 69 
95 77 80 64 100 51 28 17 97 96 87 23 3 94 48 62 4 14 66 72 85 
6 64 52 94 23 100 29 80 42 9 99 77 96 
58 92 16 84 43 60 79 94 3 59 57 40 70 11 96 26 24 64 
86 3 38 55 73 88 27 53 83 75 21 7 81 19 10 60 52 56 5 95 
37 65 20 26 87 90 13 88 
90 37 13 59 98 1 89 29 49 20 57 61 14 3 
46 30 100 29 2 
58 36 2 77 14 83 33 3 82 75 26 81 56 79 80 67 
73 8 94 70 14 62 13 30 59 
38 72 23 91 16 86 50 39 57 70 99 95 78 76 100 
19 79 62 90 31 43 39 17 36 50 18 100 25 29 69 41 
93 30 71 55 86 4 51 1 17 37 64 69 85 63 49 96 77 23 15 83 82 
55 46 66 58 52 31 38 21 26 56 
61 1 39 73 23 38 26 
1 70 6 73 89 88 95 83 31 
65 67 
35 91 86 
93 10 73 59 53 88 12 42 19 26 25 47 82 23 9 86 63 61 
87 69 63 45 79 94 30 66 
83 53 85 69 2 48 42 27 26 30 75 44 47 95 9 18 6 67 62 79 89 
83 98 42 54 52 25 87 22 61 
33 56 81 57 68 14 9 99 67 95 36 97 10 16 
29 55 62 90 92 5 88 
50 77 86 47 46 85 17 13 76 2 45 88 66 22 48 65 73 95 96 78 75 44 
66 63 15 14 57 69 43 67 37 13 41 22 8 78 88 12 50 7 99 70 58 36 
85 77 18 50 95 98 23 9 19 93 33 25 38 34 48 68 
84 91 54 53 25 99 14 18 27 88 38 68 44 39 55 75 82 96 56 16 12 
51 89 77 7 13 29 
55 15 
78 12 23 75 55 50 89 63 38 45 54 44 72 64 49 34 79 98 42 96 37 88 25 
4 82 3 25 22 69 32 70 18 91 75 37 79 8 100 38 61 
51 38 40 33 
20 73 43 62 66 36 23 31 24 32 72 45 16 58 82 
86 58 20 77 82 44 71 42 85 5 72 18 62 73 96 33 38 54 3 80 40 64 93 
57 39 2 29 44 22 10 86 47 73 52 35 19 96 65 94 71 62 37 58 
8 31 59 37 12 3 98 99 51 96 77 22 86 10 
78 98 66 42 3 12 76 89 20 88 80 
59 78 25 49 32 72 63 20 2 46 73 4 12 18 77 87 
43 62 33 54 98 12 
44 87 9 48 1 71 74 
49 79 38 97 91 34 73 90 45 52 
51 52 78 
27 
74 46 63 87 5 2 60 9 34 17 84 
3 84 42 91 90 89 25 100 
19 78 86 21 23 
98 8 32 31 66 42 18 43 5 19 61 22 84 85 100 24 14 46 
83 8 3 84 87 33 12 99 58 47 45 24 39 
37 15 8 30 36 53 
11 40 2 4 92 28 54 62 86 63 68 31 22 78 25 65 6 1 
95 
59 52 99 57 85 31 56 33 
93 8 4 62 49 71 50 69 
3 
33 70 88 15 74 26 
5 88 73 21 22 51 89 14 87 27 39 10 6 18 33 56 95 44 65 31 35 77 
70 44 86 50 77 4 1 27 
78 56 49 75 36 82 
39 96 14 45 60 10 46 40 31 42 41 
30 37 50 55 
62 8 71 33 15 6 47 61 19 2 86 74 41 89 73 54 28 90 79 45 
43 14 58 
43 74 53 8 65 49 86 41 70 4 
64 77 83 60 86 43 9 24 39 41 7 14 
55 96 57 69 14 77 29 30 20 50 64 54 45 41 27 67 94 
22 38 74 53 64 28 47 14 8 42 10 76 31 87 93 20 15 56 48 18 71 35 30 
9 33 83 42 68 37 97 56 99 8 58 35 63 87 88 31 
98 44 52 77 73 18 31 1 25 72 48 2 56 43 95 46 76 12 30 34 58 66 81 
79 70 32 100 50 60 36 
9 71 
9 71 7 53 90 100 1 88 46 17 36 69 
2 93 79 55 33 42 78 16 23 96 
62 97 15 7 1 99 2 61 57 74 9 24 12 6 32 65 66 43 96 39 82 63 
34 29 23 47 83 24 35 79 70 27 40 66 99 77 51 52 82 6 65 20 75 10 
81 10 22 80 53 17 31 34 25 59 44 99 68 26 52 55 95 
96 50 51 84 49 47 43 97 75 100 90 5 80 13 35 40 16 61 
90 51 94 56 65 40 55 75 97 84 58 29 25 17 62 10 86 16 67 99 71 1 80 
62 33 21 63 23 18 98 37 73 41 30 12 42 92 
90 7 26 68 
83 10 1 6 46 62 97 27 92 23 41 56 87 88 
43 63 35 74 8 45 18 36 17 1 57 49 48 24 41 54 77 26 
5 92 55 98 38 10 
12 43 52 84 37 24 62 61 40 10 28 82 95 72 44 56 29 65 
78 3 65 84 81 42 98 74 21 23 92 47 32 91 33 100 24 61 29 
55 9 18 15 64 19 35 
59 81 41 20 52 58 49 45 
28 56 69 14 85 67 35 57 9 43 38 53 37 54 86 7 4 
71 85 22 10 67 24 68 53 87 13 18 70 19 52 100 
24 3 15 14 49 16 12 96 36 22 98 45 
7 42 50 64 69 55 
13 68 14 94 91 
86 43 71 83 18 65 96 50 21 3 88 1 20 57 46 53 38 
83 80 34 98 36 50 32 31 41 43 9 90 42 52 25 69 
56 17 12 15 65 62 6 80 98 14 
97 
100 65 63 68 20 7 22 67 37 25 47 18 53 69 8 36 29 84 86 60 66 42 28 41 
64 33 4 20 77 59 63 58 88 73 
43 72 99 64 26 45 89 56 31 59 78 32 92 48 85 98 7 55 36 
50 51 17 95 
22 15 28 35 64 23 60 2 67 37 100 71 46 91 78 50 20 77 32 40 73 84 56 17 
55 
11 54 49 70 75 29 85 89 79 66 39 72 76 50 24 55 61 69 48 56 63 
53 6 74 16 22 
52 6 
60 37 68 62 70 94 63 20 27 76 93 72 22 
79 8 68 100 89 36 73 10 99 35 3 74 43 53 
41 72 12 4 31 
20 63 58 57 88 5 17 8 60 46 90 64 39 93 11 70 
27 73 36 89 70 21 64 76 84 54 65 33 44 69 42 45 77 20 47 59 22 32 17 
55 19 80 
23 89 57 88 64 
58 77 13 63 33 26 22 86 96 52 45 25 5 4 23 44 28 74 11 10 
27 14 56 89 69 15 93 
52 76 98 17 50 14 4 83 11 85 7 21 9 41 82 42 31 65 22 10 27 13 
55 98 91 35 46 4 89 56 94 12 72 80 81 
97 42 89 96 60 63 59 62 72 57 10 9 2 5 53 3 1 40 41 
22 14 98 77 53 38 85 25 83 75 69 29 91 40 76 86 
60 
1 62 76 82 47 38 
35 78 38 56 76 63 41 77 46 89 43 42 4 36 93 80 25 11 12 71 99 
57 41 
24 16 11 27 80 6 32 63 2 31 25 40 74 28 
63 5 48 42 89 83 70 59 26 80 49 3 65 
77 82 35 
73 
7 66 65 58 8 15 88 28 
25 51 82 45 78 94 
60 4 97 85 82 10 
73 50 80 76 16 
36 4 30 53 80 48 12 8 45 90 77 64 42 66 
94 9 21 62 13 44 32 75 7 100 48 87 68 43 1 35 85 30 81 
38 58 
46 3 33 16 11 28 38 
60 24 55 9 87 46 27 41 92 57 18 6 19 13 81 78 69 
80 43 95 23 26 79 93 51 19 27 98 67 54 31 49 47 18 
59 77 21 60 78 38 76 52 31 73 97 26 100 80 
72 71 11 27 79 16 100 38 86 19 53 85 41 57 49 80 44 81 52 83 76 
13 54 52 42 26 95 32 17 11 40 41 18 15 24 92 56 16 38 70 6 59 66 
78 27 85 94 86 45 95 56 55 4 87 15 
82 35 1 100 38 92 17 94 56 40 41 93 36 46 12 59 
45 18 27 93 75 
73 3 57 34 58 82 36 6 14 15 33 95 37 26 46 71 70 40 17 78 22 
42 71 77 9 28 84 96 82 5 15 48 60 56 18 51 6 
71 32 42 7 28 1 26 8 50 48 38 41 85 93 21 67 34 23 
36 2 74 
40 44 73 37 81 85 69 66 91 64 
65 80 55 47 83 34 38 31 100 
24 91 96 
92 95 75 36 41 5 52 10 90 22 64 39 20 
31 7 19 46 59 98 50 71 27 14 13 4 80 42 92 43 10 56 9 79 
75 9 10 43 48 21 64 18 
93 
68 35 
43 31 39 32 46 26 96 74 6 68 29 93 15 
5 6 14 70 8 36 84 21 12 85 16 37 
88 
81 94 55 
88 11 
11 83 71 
98 95 40 72 17 30 69 34 84 73 75 70 86 64 20 89 
53 61 89 43 55 86 42 77 59 57 29 
4 98 68 39 85 69 86 89 48 93 53 7 22 64 58 61 
57 40 16 17 100 8 77 78 60 67 14 5 50 56 32 13 54 37 89 64 26 91 41 
43 10 29 13 6 
49 91 13 12 66 5 25 23 86 68 80 52 67 40 
20 75 70 98 
55 
25 
48 39 9 53 63 56 82 94 
33 
27 9 60 72 97 15 56 75 54 86 20 74 30 87 77 6 83 5 43 31 78 63 99 
39 4 96 75 48 
84 67 89 29 98 63 
83 65 74 51 91 18 59 50 89 58 94 41 85 100 69 92 
49 93 95 
17 65 83 79 24 81 7 53 12 93 51 
40 31 57 93 10 38 13 100 42 81 58 54 1 96 35 39 5 
72 79 64 96 98 5 34 91 74 69 68 27 41 17 58 12 42 60 39 86 
28 71 4 30 14 26 89 98 55 29 78 43 93 
51 35 26 37 28 50 48 67 97 56 22 43 
19 6 17 65 81 63 88 46 96 85 39 90 58 
9 96 10 79 66 28 80 50 11 85 71 74 76 43 1 
10 47 23 46 66 82 36 9 21 91 16 18 67 63 49 84 81 11 73 
67 63 19 94 69 26 88 17 28 78 93 86 64 61 20 99 
25 4 59 42 8 28 9 69 73 53 2 99 52 86 64 92 63 62 84 
93 83 98 77 11 30 
59 47 75 65 11 36 23 22 93 37 
20 50 77 78 16 27 61 72 41 45 29 5 34 56 
48 50 6 95 18 39 98 72 97 92 35 79 55 10 11 7 
5 30 79 28 16 17 26 83 58 61 31 76 
37 83 2 56 
74 43 33 36 71 57 4 18 81 82 91 97 35 85 61 77 56 79 26 34 
37 1 41 97 27 19 96 7 69 34 23 36 10 64 45 38 32 
52 35 63 64 17 67 71 
57 1 
91 81 2 39 45 43 42 16 27 93 95 22 89 51 28 26 69 19 76 70 47 90 
13 7 53 39 9 16 38 26 91 30 83 11 32 50 36 44 
32 
80 
72 95 13 99 52 9 20 64 68 87 55 41 62 44 89 90 25 82 26 
29 27 88 83 84 38 
38 69 24 94 37 74 70 51 98 53 95 83 93 68 84 46 
100 75 61 44 89 42 74 54 96 12 27 59 26 37 52 70 7 
77 73 44 66 68 21 
76 66 
89 85 36 6 50 39 88 27 23 48 25 91 18 56 100 8 44 7 34 70 98 
93 11 17 85 47 94 86 98 1 82 33 45 87 23 18 95 
51 72 45 36 83 82 53 4 93 44 92 1 89 
41 86 29 44 88 36 9 94 81 57 22 89 17 70 62 52 60 51 53 20 3 5 78 
19 44 100 88 20 28 96 60 13 69 3 15 48 29 27 58 56 55 64 93 47 85 97 30 
27 45 26 28 5 62 56 72 59 52 
67 27 24 39 97 
81 83 17 45 25 65 4 63 11 29 27 61 76 84 39 98 60 14 
96 41 19 57 9 29 
22 95 58 1 70 80 63 50 35 42 54 
60 73 40 92 95 22 3 52 87 35 
63 48 40 22 7 25 97 
25 81 64 19 35 6 22 23 77 32 4 
34 18 46 5 38 27 21 58 
80 72 85 44 96 59 62 36 74 13 76 11 55 15 25 77 16 58 90 56 34 
57 28 
73 81 82 22 27 54 85 60 65 56 29 49 41 
91 56 90 21 13 
41 89 80 63 31 11 16 10 7 59 79 51 52 43 54 90 24 
46 30 69 13 4 18 39 43 70 23 47 98 59 21 
69 23 
80 59 65 53 78 19 76 48 61 33 28 14 73 52 
68 60 70 17 7 82 61 77 44 87 100 40 55 81 75 28 48 66 93 
77 100 21 89 78 50 98 36 41 70 
34 77 98 9 21 49 78 29 38 44 100 20 87 71 
26 100 44 20 36 60 48 40 96 22 1 59 3 78 72 6 56 87 69 84 43 
12 1 42 90 83 69 82 23 5 
3 91 97 89 74 96 25 44 68 49 
34 6 48 81 1 61 51 26 29 2 87 97 45 59 9 69 23 
38 71 64 48 
81 52 60 45 65 44 61 59 75 7 8 86 98 26 20 
12 69 68 29 35 100 94 47 27 17 55 96 25 11 91 19 
42 
13 85 72 44 86 
31 19 2 49 77 18 68 90 97 33 76 17 67 47 55 65 56 89 51 
83 63 57 18 78 90 60 
93 3 40 100 87 58 43 95 
6 58 96 39 16 71 18 14 
91 30 43 24 17 58 100 4 29 56 89 31 
96 6 54 41 37 88 60 28 86 74 84 30 8 70 91 18 42 
5 88 10 80 95 32 
36 14 95 3 31 68 70 72 41 29 43 52 89 45 76 37 34 
68 8 33 70 58 12 45 18 42 59 41 29 63 11 99 39 13 
100 87 96 39 44 70 37 91 79 81 3 36 90 15 47 16 18 56 
94 1 99 86 45 25 18 46 51 2 34 35 28 59 47 36 
6 19 94 67 8 38 51 82 55 35 23 99 7 76 13 24 60 46 
3 95 63 98 50 47 35 46 42 54 37 
23 37 12 82 77 38 75 33 1 39 28 99 94 73 45 
55 34 43 72 19 65 37 24 
20 24 7 
93 77 45 79 100 15 98 81 88 21 99 12 86 9 24 28 13 14 36 46 60 
28 3 93 13 5 25 59 73 
65 55 47 94 31 20 
69 20 86 33 44 1 26 
39 8 7 17 57 4 99 6 27 13 24 20 1 
42 47 48 68 15 93 89 12 25 83 14 2 49 67 81 62 84 72 71 22 
96 77 33 9 41 
95 77 41 15 64 98 37 9 48 2 22 
17 6 96 81 52 59 90 42 39 
1 16 51 20 83 50 84 13 96 93 90 56 23 29 62 
74 58 24 5 
24 12 51 17 31 49 33 28 25 44 61 7 97 64 8 34 
24 45 2 49 100 58 
29 52 21 66 57 17 44 33 
76 59 85 12 49 58 57 29 17 55 79 81 22 50 18 93 
34 65 23 26 55 32 83 29 96 62 45 95 71 82 
52 55 61 47 87 36 24 32 37 43 14 94 27 58 19 77 6 15 31 99 70 80 
73 
75 72 26 34 67 63 32 18 94 58 4 81 84 88 
100 90 1 89 32 78 85 96 82 74 47 18 10 33 36 59 55 98 43 35 79 
4 65 80 49 42 87 10 78 21 30 68 99 24 1 75 55 94 59 72 
31 83 77 68 39 12 21 28 7 55 
49 27 85 11 75 23 42 24 67 94 79 53 91 52 31 87 
5 46 74 53 9 38 65 93 13 
49 95 22 8 60 93 4 52 33 21 
15 14 79 78 58 84 38 92 37 23 45 8 
41 91 77 34 70 14 90 5 61 24 35 63 43 92 32 
24 74 68 5 39 1 93 12 6 27 66 86 60 98 76 51 59 
41 37 75 74 49 68 46 52 71 47 78 97 96 22 29 82 5 
23 87 62 5 75 24 48 42 2 46 66 73 92 81 15 91 49 9 59 85 
100 77 60 91 38 9 61 5 10 44 19 58 74 53 49 2 
42 58 83 78 57 39 81 62 97 90 74 15 96 99 
94 84 31 22 19 43 17 48 
45 90 3 43 82 87 55 34 98 93 79 
34 11 48 85 72 77 45 
46 66 56 30 94 62 80 63 59 70 60 14 37 76 1 90 100 8 88 15 
46 3 87 37 89 33 27 30 4 43 72 42 67 90 64 71 63 50 
26 89 25 62 23 7 67 37 1 85 83 4 66 46 75 55 
33 14 55 60 42 1 63 52 37 61 
10 44 78 70 8 16 14 
2 23 52 71 4 45 79 43 24 70 61 35 22 27 34 10 
84 10 42 40 28 81 59 41 43 3 87 96 49 14 32 89 68 
54 24 40 69 32 100 22 51 61 46 84 1 47 9 17 25 34 11 76 93 
97 20 95 56 99 24 26 83 98 82 55 70 
29 53 84 100 18 16 
38 10 69 35 78 43 49 99 7 
63 15 30 33 22 79 78 24 44 17 64 95 13 41 4 81 100 96 
57 68 40 
21 60 90 75 
84 61 66 92 10 3 17 45 
77 30 68 29 60 15 33 16 21 70 1 26 61 27 54 85 
49 29 33 7 63 81 95 6 57 61 
22 50 94 46 26 12 74 77 82 45 2 39 42 48 93 8 52 15 83 53 57 
12 38 73 52 47 83 
23 86 7 78 12 42 27 19 11 56 25 38 63 66 17 10 50 
67 9 
70 37 82 23 48 53 22 81 3 51 89 12 50 75 26 25 20 17 55 87 93 1 60 
56 
5 37 1 31 
34 40 35 4 70 38 14 73 16 19 2 9 61 97 72 71 22 39 
94 1 81 67 76 97 11 57 29 
15 62 63 2 10 24 64 58 77 82 67 96 51 33 55 
12 76 79 47 59 69 55 100 82 41 2 28 85 58 24 66 64 67 32 50 27 
62 27 40 29 90 70 86 49 80 20 66 36 2 
63 26 100 50 88 7 
47 10 81 4 59 93 88 19 25 11 70 40 83 16 7 96 22 17 95 65 58 56 
46 37 9 35 22 
61 24 91 81 11 36 33 89 94 99 10 41 5 68 22 
74 77 78 93 41 22 51 79 94 98 44 81 12 25 
14 32 74 56 48 68 85 4 34 75 23 28 38 39 87 36 82 43 55 11 89 67 
33 56 92 70 12 75 83 55 13 5 4 40 15 64 95 20 18 58 
49 53 32 89 16 82 75 92 73 14 74 45 72 25 29 
51 23 36 69 15 7 44 81 86 49 45 29 
53 29 47 2 
39 20 6 53 43 52 62 11 86 
59 98 
64 8 31 93 49 
27 86 75 81 98 66 100 21 8 28 95 85 82 97 
47 22 66 95 54 20 56 61 53 
93 61 68 47 15 24 7 79 48 69 29 97 73 39 50 23 
52 2 10 81 12 94 40 
31 73 84 85 83 3 39 93 29 100 
82 89 24 11 86 67 46 78 51 31 30 60 72 54 56 12 25 76 
51 12 64 40 16 17 10 65 70 48 52 30 82 
24 29 1 69 99 37 43 96 28 59 44 85 11 36 
2 15 40 11 19 99 78 22 29 7 71 89 97 36 27 46 16 94 4 53 35 83 
10 75 40 9 38 91 58 71 48 83 5 47 33 85 81 27 45 46 36 8 
93 55 1 71 47 64 86 78 98 81 37 58 28 27 92 70 10 74 
95 16 74 55 60 17 42 76 1 
100 36 98 5 14 13 61 52 18 64 17 54 68 74 99 57 12 83 16 
87 18 
14 91 3 95 86 60 
64 22 65 32 27 30 86 99 31 74 82 
57 46 8 74 9 10 90 82 91 29 26 68 20 34 41 42 59 
100 
51 90 64 70 24 36 62 52 41 11 13 82 79 54 65 59 75 
3 15 69 93 95 72 51 19 29 30 27 62 96 11 81 
81 66 
55 23 94 81 82 85 1 77 32 39 86 46 65 64 36 99 75 5 11 35 
11 95 36 74 77 24 7 48 63 79 49 69 43 30 25 94 31 55 67 16 12 89 
51 52 67 48 25 66 14 92 6 68 74 42 31 
85 64 39 84 22 97 31 71 6 90 94 78 82 88 99 60 14 83 11 
45 91 18 46 93 13 
40 52 7 
22 
16 71 
66 45 42 21 81 11 23 32 69 46 72 57 70 48 93 90 18 83 
91 51 75 96 29 39 28 42 83 89 88 81 94 99 97 6 72 49 90 17 4 9 
56 32 1 10 
27 79 61 57 15 88 91 100 24 
41 78 40 53 52 43 49 33 62 47 66 14 54 79 55 70 58 94 88 98 
30 81 13 25 86 65 72 17 4 44 23 99 73 54 66 9 7 58 14 95 87 
13 14 74 37 54 95 2 68 64 41 71 10 94 51 16 81 20 84 30 21 44 1 
10 96 20 46 
20 26 53 57 77 18 90 60 68 22 47 
77 26 59 69 28 51 87 5 29 31 6 70 
4 89 22 73 
73 100 10 66 41 5 64 56 87 19 63 21 88 28 65 43 47 57 
28 34 
98 37 74 36 96 32 21 45 
59 37 67 
74 55 63 64 48 50 16 58 15 71 18 89 72 60 49 
16 58 60 47 23 100 78 51 72 34 50 94 37 5 
21 43 16 17 30 41 80 50 58 76 18 20 13 33 
28 77 35 48 94 37 7 40 86 92 54 58 
43 50 26 67 55 42 52 41 18 20 92 60 13 25 30 23 78 99 
57 11 38 41 58 35 25 30 82 19 97 49 56 78 45 67 52 22 66 100 71 89 
47 35 27 8 71 
54 8 1 74 73 53 89 18 11 24 9 23 4 
78 54 97 42 84 73 23 81 11 19 100 20 59 85 28 
4 75 1 56 
25 71 94 40 77 38 69 23 85 72 17 34 39 27 60 96 48 58 95 92 18 99 63 
69 22 94 79 14 66 8 39 40 7 84 30 99 26 68 45 
61 64 47 80 92 23 84 
82 75 
8 85 33 69 28 23 68 4 78 24 36 20 17 42 71 54 80 37 86 
41 85 
12 73 6 54 85 76 63 77 
49 41 56 100 48 84 24 88 86 71 67 15 46 78 94 
74 73 63 30 44 3 50 34 81 78 82 75 49 56 9 
2 79 7 84 65 56 21 74 
35 46 87 39 96 58 28 21 53 60 77 57 50 27 
18 67 35 43 24 83 82 4 22 7 58 5 78 51 
32 8 38 16 58 92 10 39 11 89 86 90 28 
16 89 25 3 56 23 79 37 67 50 14 44 84 
23 85 75 5 49 18 54 81 26 22 1 7 6 9 71 69 83 
18 40 65 66 73 83 88 92 11 44 25 98 80 85 6 
90 42 12 8 38 37 96 76 71 100 
98 99 11 35 
54 1 32 99 24 86 73 14 66 43 
20 75 
63 21 94 23 1 11 98 64 54 4 72 57 62 18 69 33 30 92 87 74 
39 22 79 57 99 69 
59 33 3 65 56 68 53 57 
89 63 56 70 98 69 85 44 24 29 60 66 79 54 51 83 59 43 
18 30 78 80 38 89 33 46 60 85 
79 18 22 55 44 78 67 4 
82 30 76 
98 91 76 40 51 83 5 89 93 72 63 57 
86 50 32 51 75 53 27 73 44 84 36 66 89 91 6 39 
69 65 77 4 87 47 61 10 88 97 1 18 57 32 95 24 98 33 21 30 100 94 
6 34 16 97 77 98 44 18 35 63 92 32 57 40 17 61 
65 88 91 54 6 43 90 5 67 94 89 27 22 82 8 60 
73 29 95 27 46 26 70 97 75 
24 10 64 95 29 56 71 34 23 5 51 3 48 32 
78 
96 31 71 18 67 74 41 70 59 24 93 50 87 28 43 37 36 91 
30 46 8 71 24 98 81 69 96 65 38 78 88 61 27 1 91 94 21 
80 14 33 55 93 63 19 6 
62 4 84 61 76 100 55 71 40 6 60 63 79 
13 71 48 90 38 52 57 79 92 37 61 51 47 31 
30 27 67 
36 67 
91 43 50 94 27 11 85 62 69 28 
2 52 39 93 17 59 82 76 74 68 13 1 91 66 38 
23 83 52 3 41 91 36 80 67 
81 3 13 46 75 32 
44 15 51 17 52 88 23 94 46 71 97 12 98 6 78 2 76 35 
45 99 83 21 95 16 55 42 94 
59 14 6 26 64 42 25 30 46 12 68 75 33 76 13 16 49 81 86 
59 85 88 28 19 73 36 89 55 34 25 
28 99 53 32 68 75 13 21 91 95 
37 
49 30 94 56 70 63 34 46 5 60 79 4 32 17 43 18 57 25 81 82 
59 79 
33 88 54 57 76 37 14 46 85 32 43 
91 75 95 88 38 67 49 28 58 46 33 29 84 54 96 
38 1 61 3 4 54 47 93 75 
34 76 88 83 6 74 29 36 64 50 17 94 40 32 26 55 20 
76 
92 62 38 59 
26 70 37 27 55 87 7 6 39 34 88 46 99 47 65 59 95 16 17 92 45 
45 47 98 33 
79 8 56 88 100 90 36 7 87 22 67 76 3 
46 60 79 43 56 73 67 37 1 13 65 80 8 24 57 5 31 97 49 
84 31 76 66 40 91 68 98 82 58 
47 27 2 83 30 63 24 3 48 58 90 33 51 1 13 66 84 8 64 97 87 53 
53 12 84 29 76 22 16 51 80 8 78 100 28 74 
42 39 90 86 33 60 22 91 66 58 21 73 53 31 36 57 69 6 45 
93 42 73 5 74 57 65 6 81 39 76 98 28 
67 24 34 76 43 21 35 63 94 78 
26 41 57 
11 18 42 81 79 55 98 14 91 22 66 75 3 38 80 7 64 
93 14 24 60 7 86 82 15 2 80 22 75 77 16 100 95 34 35 12 
8 17 37 99 
10 71 48 54 97 98 1 52 
22 49 13 23 82 58 15 35 28 
81 71 55 51 37 24 25 21 34 66 82 15 60 42 23 7 75 80 85 69 20 
61 49 98 60 46 31 8 12 64 30 39 59 91 1 23 53 48 25 58 
17 61 85 23 60 31 55 
31 6 43 47 3 78 15 53 88 77 34 20 18 93 87 52 76 71 24 11 9 
33 
54 95 62 67 73 68 48 22 4 3 76 
65 15 5 37 83 39 94 70 
54 31 56 
75 6 47 13 
61 
63 51 43 92 49 90 68 21 40 36 69 5 28 88 75 53 50 18 62 23 45 
68 3 49 81 15 31 93 71 97 11 36 44 72 14 6 19 80 20 57 30 
59 83 81 14 97 91 99 69 74 77 45 38 76 30 78 9 95 55 58 
41 46 73 8 33 61 91 6 29 99 89 48 
33 42 12 78 31 92 63 94 
6 62 51 15 37 57 21 53 63 44 79 46 80 90 70 2 22 29 39 94 50 82 
82 54 9 5 68 4 23 22 60 18 67 63 43 1 40 96 70 28 30 
24 2 33 81 4 47 59 34 57 68 70 77 82 
25 4 13 83 29 33 87 6 5 14 62 52 32 89 28 10 41 
81 56 71 33 
92 28 70 50 65 71 76 46 21 10 86 
4 57 38 1 
68 61 8 47 63 92 55 38 16 59 25 35 1 45 50 79 51 78 
11 83 5 8 28 47 93 
21 
8 53 23 16 73 20 9 18 68 24 31 34 82 5 52 99 67 44 35 22 87 69 
56 72 61 44 97 96 8 
83 6 100 64 45 69 42 68 75 76 99 67 31 48 38 18 1 29 28 51 3 58 
26 9 6 64 74 25 90 
22 9 
32 89 8 72 1 20 38 19 52 80 
36 99 79 
49 93 2 36 24 3 14 43 75 54 15 70 23 37 86 
78 39 30 41 62 35 73 57 58 43 14 100 51 68 97 77 19 24 5 26 61 
16 83 39 87 47 9 52 
72 20 92 60 55 38 3 63 
35 73 51 75 52 1 23 66 98 92 11 62 13 44 49 46 29 3 2 
12 40 19 81 25 18 10 47 
55 95 90 80 41 74 67 
13 93 51 88 9 23 10 3 66 47 52 20 70 69 25 77 14 100 85 
91 22 51 49 92 71 14 10 55 3 27 74 5 8 40 64 54 
66 47 71 36 24 76 100 13 69 79 16 97 35 29 20 54 
60 96 65 
36 3 10 80 47 73 94 7 28 1 2 52 77 78 27 99 62 32 83 
52 64 25 89 68 94 32 1 92 35 72 13 10 69 38 3 98 
18 99 65 63 46 4 52 71 67 34 31 17 43 91 
34 44 56 76 55 3 36 60 
93 86 100 90 4 49 39 27 18 2 47 26 38 74 69 66 46 30 14 
96 8 14 98 46 80 87 11 34 16 45 15 29 67 18 75 51 28 54 
2 
57 83 7 91 41 87 15 34 23 89 30 99 96 6 33 11 32 
17 65 31 16 96 82 30 15 97 34 6 80 57 46 
56 79 69 34 29 5 9 70 3 36 68 18 24 99 81 92 94 93 
14 32 88 40 74 93 90 16 35 21 22 19 
78 
24 58 
84 76 48 28 87 64 
89 77 99 73 32 56 27 88 43 22 68 96 76 94 50 41 64 33 45 
84 55 18 81 63 80 86 82 14 99 
94 29 6 40 85 13 100 64 31 35 81 24 73 56 
34 36 64 95 41 26 
3 83 10 59 1 60 43 9 94 68 82 46 70 74 86 38 42 41 40 77 53 25 6 
41 93 74 10 42 81 71 82 
98 97 30 48 23 96 13 85 95 37 62 15 58 
87 77 81 72 82 56 62 74 45 4 
86 69 
97 100 15 59 89 16 48 71 34 76 37 69 74 55 47 29 19 2 92 
72 79 14 49 21 64 85 58 43 83 3 70 10 12 
50 95 35 39 9 81 49 46 63 51 38 68 70 79 64 34 58 87 20 44 100 2 10 
39 85 17 
55 22 7 27 69 77 14 41 57 53 10 89 36 67 49 62 97 
8 88 27 22 85 25 53 23 61 66 69 7 82 67 58 98 91 
64 83 87 81 1 
64 58 10 57 90 95 84 81 74 6 80 93 67 46 73 35 72 
52 90 18 51 98 77 82 39 
12 99 52 9 46 78 56 98 13 76 27 72 40 91 90 89 28 
89 25 93 63 28 49 87 48 70 2 83 31 12 59 94 15 24 39 14 45 
89 70 49 87 
92 61 49 91 63 100 53 35 65 81 43 54 
59 60 74 80 
95 14 9 12 72 66 40 27 25 70 61 17 58 60 3 18 98 91 79 33 89 
35 27 25 51 89 
52 88 31 3 27 47 97 98 99 95 85 23 65 39 
10 69 79 
91 61 77 8 97 33 9 80 78 49 27 34 53 88 
34 83 42 74 43 71 19 21 32 77 6 9 49 87 38 75 68 13 52 
6 37 4 69 7 34 26 14 39 98 51 77 90 19 87 33 70 52 76 82 75 1 29 
74 
19 91 77 27 67 88 1 66 
16 17 20 4 3 95 51 84 
5 43 74 59 14 67 31 52 48 33 
89 7 46 21 37 98 24 45 65 15 3 9 51 29 73 84 28 22 71 23 80 10 
52 89 78 93 23 16 5 29 73 66 100 31 25 
64 5 14 3 46 74 
29 46 42 7 97 38 5 70 85 21 95 10 13 30 74 16 87 48 69 
73 74 82 79 80 15 87 25 59 58 78 97 35 38 60 8 9 95 1 88 7 
81 68 29 1 11 24 4 58 42 46 9 6 80 97 30 48 84 45 
63 55 99 71 89 2 82 69 8 15 44 40 85 84 43 36 92 
81 34 91 88 4 23 50 13 53 28 45 86 9 83 49 39 35 27 5 74 94 
37 73 78 79 88 41 14 49 40 18 56 25 38 99 8 54 
9 88 25 45 30 3 76 47 75 40 60 19 41 70 73 23 53 38 92 49 24 
99 58 54 48 97 57 
49 28 88 39 9 41 30 51 70 90 71 47 97 17 24 63 48 
36 22 67 10 51 78 32 15 61 33 65 6 34 44 41 28 82 73 72 91 100 48 
80 13 28 79 65 43 31 51 73 22 30 14 66 91 37 12 33 17 25 60 
18 95 12 43 63 77 84 6 85 39 72 28 91 73 64 92 57 83 97 
15 79 
58 23 10 16 40 55 87 6 
58 31 42 77 23 43 69 54 
29 51 89 5 52 90 85 
81 97 72 22 47 79 25 8 4 44 43 30 
21 71 3 88 32 8 27 1 
14 64 59 92 54 70 3 68 17 
18 98 46 11 55 22 4 90 81 80 74 68 83 
14 65 84 46 6 
62 69 24 
72 9 87 46 31 57 34 6 
1 20 80 92 70 23 5 12 91 9 34 84 100 97 6 98 54 62 43 
26 36 76 46 51 38 27 29 31 43 41 19 49 71 45 30 39 13 
55 32 40 37 78 80 45 39 9 25 16 66 10 11 15 42 58 60 73 
48 86 67 69 47 57 100 44 14 84 52 7 59 53 30 
61 25 28 72 51 56 70 23 41 57 82 2 73 46 4 36 12 5 68 67 26 18 8 
9 56 24 20 17 51 71 
6 74 34 40 11 24 90 70 8 
89 28 24 13 7 23 79 65 61 3 70 55 
4 93 91 2 17 51 85 8 28 21 65 71 9 43 57 76 50 1 22 69 
97 93 63 62 74 79 5 50 6 30 61 40 100 46 41 
99 31 73 9 23 18 80 13 33 21 5 65 98 71 
31 15 97 93 68 44 4 88 35 76 95 32 96 27 17 75 25 19 36 39 53 6 
81 13 39 
79 39 87 11 29 98 21 26 
2 55 71 94 3 61 56 29 48 33 80 63 30 85 14 96 83 53 
76 35 16 41 
4 51 86 59 50 88 
15 66 33 29 99 44 75 48 41 71 10 14 6 27 73 
62 13 29 90 6 53 87 83 94 67 19 
31 
26 11 1 85 7 15 90 16 48 68 12 46 70 20 94 29 53 24 92 75 27 58 
95 25 
67 23 69 30 83 17 3 10 42 77 1 24 72 59 8 65 80 
56 40 6 76 10 88 22 72 77 62 75 3 83 49 36 37 71 24 
89 5 38 78 80 27 65 33 19 40 31 53 20 2 66 22 71 70 16 
8 38 18 40 61 65 
80 88 9 12 
70 12 85 62 88 22 40 50 38 1 72 95 57 35 97 
97 94 71 43 24 99 91 19 32 75 65 100 92 15 6 80 35 70 1 69 5 67 
79 64 62 84 
100 71 78 5 62 79 74 31 83 50 20 4 45 90 13 73 24 
72 18 12 55 6 21 5 87 100 71 23 28 15 42 47 96 24 19 53 34 82 83 75 
67 86 66 42 24 41 
58 85 92 64 35 79 78 52 89 63 38 56 82 
50 77 4 47 39 19 21 74 86 83 93 3 20 30 41 84 96 91 
49 81 59 55 77 15 72 64 90 20 62 93 36 99 75 96 30 
48 12 60 56 66 84 79 21 80 98 63 95 3 33 31 76 15 28 51 36 
86 63 74 38 85 39 82 73 25 36 55 49 60 67 56 
2 
98 42 17 59 4 1 97 54 37 75 5 29 8 21 66 31 83 74 57 24 6 70 
44 45 2 17 71 76 36 39 78 
99 1 49 12 67 36 41 59 38 51 87 44 97 71 89 82 4 46 80 52 61 
30 8 50 5 98 6 82 92 91 
47 54 9 
74 35 30 59 41 23 86 17 68 
48 2 19 85 
95 23 91 12 63 84 25 93 92 86 15 81 79 4 18 29 
53 99 26 74 49 2 42 37 80 13 28 60 68 98 54 10 
41 60 78 15 53 91 4 5 
97 21 10 79 43 4 56 91 73 22 27 29 99 42 
33 4 56 18 77 57 68 52 37 29 54 53 82 97 90 9 36 92 100 76 75 
83 13 74 71 5 70 47 
50 1 64 49 71 18 16 59 63 75 52 94 8 86 42 98 5 96 40 
40 60 22 69 11 72 85 37 34 45 50 32 68 56 
20 47 10 96 54 51 46 98 77 17 76 37 70 59 5 79 36 61 33 
64 4 
38 52 10 67 95 56 18 8 50 29 60 
38 15 72 78 91 19 34 44 47 31 61 14 11 88 6 87 9 92 59 70 98 
78 3 12 41 48 81 16 65 38 
69 57 9 
80 38 31 55 91 62 
4 42 66 13 14 5 45 16 17 7 61 99 95 11 84 71 27 12 
46 75 
82 66 74 19 5 29 59 23 10 35 1 36 96 72 88 49 
94 78 91 50 2 86 5 29 59 35 22 12 44 
100 73 31 2 48 61 49 84 62 11 99 78 53 
3 90 15 18 9 56 58 41 14 39 31 74 59 
78 58 60 18 2 35 48 86 46 
7 97 17 100 42 63 77 26 79 
69 10 53 31 83 9 11 80 96 97 87 68 14 98 19 62 74 48 
61 39 34 59 41 38 15 52 43 87 36 13 96 69 2 72 1 78 80 
89 9 60 92 41 52 32 77 96 19 80 66 78 2 62 
5 4 44 66 88 70 18 91 62 96 3 58 83 
47 9 70 26 17 58 41 24 38 55 52 83 33 88 34 10 
58 86 42 80 82 30 59 8 50 1 68 53 48 88 23 81 84 96 87 92 94 72 95 
45 8 2 94 46 74 24 86 62 7 48 47 43 54 69 71 60 11 42 36 
5 54 51 82 10 39 93 97 
61 82 81 62 60 32 35 9 36 5 
35 89 88 85 80 71 22 90 63 69 79 48 65 99 
54 86 45 16 83 12 89 35 46 25 91 2 99 21 59 34 29 74 100 87 
37 39 38 24 53 99 50 13 49 55 3 79 11 90 19 
66 18 82 38 55 89 63 88 12 1 
32 18 43 88 54 77 1 78 92 59 93 29 8 10 41 65 
61 42 49 86 80 8 15 66 82 97 54 5 52 28 90 93 24 
66 13 11 22 1 38 55 96 65 42 4 20 8 71 21 45 62 
49 8 20 19 18 25 87 51 5 68 73 16 39 50 47 83 41 27 2 40 
100 83 67 65 96 81 90 58 76 
87 89 63 32 
89 13 6 14 35 90 64 44 60 87 43 
91 92 22 45 70 95 
89 56 37 6 34 93 20 75 11 63 17 67 15 92 24 52 45 96 42 7 79 91 
100 20 44 78 86 50 56 22 43 98 21 69 4 76 11 61 
10 58 28 13 34 45 73 15 1 66 77 3 
85 33 42 9 81 95 26 2 32 34 94 25 3 61 49 73 18 66 62 
28 35 99 21 
17 9 93 23 31 30 96 78 19 18 97 65 57 68 15 
99 47 36 11 96 34 44 28 17 93 25 29 37 79 1 6 46 14 7 
62 45 
91 29 38 7 70 94 89 90 14 43 64 72 
40 27 
41 33 6 27 15 63 100 11 34 23 51 8 76 47 31 64 62 43 89 13 22 
22 12 90 
82 25 77 70 75 42 66 73 48 44 91 5 28 56 59 92 43 90 93 26 58 64 36 
20 69 19 64 32 1 89 31 45 10 23 100 37 52 36 
74 87 78 44 63 98 46 2 69 99 71 
87 52 7 36 76 30 34 79 40 20 
50 17 76 49 70 57 28 36 21 23 95 55 26 11 6 27 3 15 7 68 32 71 
21 36 25 43 30 11 66 3 2 
9 30 91 63 88 54 99 17 45 6 84 34 67 32 94 41 
46 
54 81 57 10 68 69 1 55 63 48 60 32 35 89 25 
84 3 43 33 47 91 93 38 53 66 25 41 22 100 30 74 37 65 92 34 83 52 
14 13 50 25 84 83 87 22 30 65 60 74 35 68 63 70 9 12 95 56 81 31 
32 2 42 64 97 37 86 11 87 
73 36 69 89 82 92 18 91 98 4 96 25 22 31 
37 3 69 57 59 88 41 64 27 95 43 51 6 16 28 46 91 7 
91 44 48 51 80 10 43 
1 60 63 57 73 18 83 22 66 13 88 8 46 65 47 76 71 55 
24 36 59 80 58 27 45 39 29 
57 10 33 25 99 79 90 26 19 45 100 93 67 23 84 78 
89 27 58 49 30 19 60 
57 6 39 98 52 34 5 85 59 66 15 23 38 31 40 10 21 
17 57 93 90 51 58 84 80 55 88 38 49 13 36 
51 79 56 
14 37 30 11 72 75 18 48 68 36 59 
9 35 79 31 94 86 29 69 59 22 98 30 
55 3 48 11 85 61 52 53 57 87 22 84 12 71 54 98 18 23 63 
51 98 20 72 
25 51 20 22 91 93 43 100 36 68 70 82 72 15 65 
34 15 
79 49 92 21 20 74 15 45 30 24 33 
27 87 59 38 51 35 8 97 6 28 17 10 24 64 80 36 65 33 94 7 30 99 
11 100 93 16 39 99 56 31 86 7 18 23 89 46 70 82 48 43 25 47 90 1 32 
65 23 17 3 94 
7 57 16 76 35 94 46 88 40 51 1 58 85 83 78 53 30 70 13 90 56 38 82 64 
98 52 76 59 54 5 17 11 60 95 79 65 27 69 68 70 83 77 19 16 56 
1 16 88 96 62 10 33 13 76 49 43 18 91 71 85 
23 56 72 82 26 
86 46 7 29 41 26 52 58 36 85 92 79 87 44 73 51 91 95 81 
39 65 92 51 77 11 24 95 62 85 17 32 100 43 21 
18 76 69 58 22 28 57 6 2 
5 79 16 32 72 
83 67 11 33 23 9 54 59 25 10 49 19 29 15 14 53 73 97 
99 26 72 45 93 92 2 80 47 63 59 
84 51 65 
60 10 87 81 18 50 63 
12 36 51 39 94 93 72 65 89 70 42 67 22 
22 38 46 15 74 47 5 81 73 12 29 57 43 14 19 34 
39 56 12 72 16 55 37 68 32 14 2 31 36 41 
52 
62 5 100 99 50 11 53 94 75 1 65 58 95 25 93 78 52 73 76 7 
48 78 46 4 54 79 2 39 
88 37 35 43 3 97 46 7 
85 17 77 40 39 
100 12 57 11 16 1 61 65 
6 90 20 59 22 78 94 98 71 31 29 61 47 7 83 87 48 
73 35 4 52 67 7 18 98 14 39 21 53 62 44 71 90 100 27 5 
29 97 92 71 66 50 87 72 10 40 75 24 69 11 
44 
77 78 66 47 71 50 35 79 7 65 39 96 57 
24 
80 43 60 72 64 5 69 42 18 39 21 62 
84 92 73 91 63 61 34 12 31 74 21 54 80 49 51 10 
65 82 73 95 19 34 12 86 79 11 88 42 7 97 76 100 51 57 
34 80 24 16 32 69 25 15 2 85 22 10 100 93 56 38 7 60 
47 84 71 73 76 61 50 26 91 85 46 68 3 29 100 59 27 15 70 32 19 33 48 
88 23 13 93 55 52 50 28 11 30 38 57 99 39 74 
35 85 53 75 58 33 84 80 82 45 36 22 98 90 93 63 73 31 26 48 62 11 
21 83 30 81 86 74 67 84 61 52 28 35 8 95 96 15 63 
99 79 75 36 37 20 22 43 66 38 93 10 98 35 15 69 72 27 2 90 84 23 
13 57 90 55 1 24 77 58 91 
6 52 82 43 40 66 56 74 72 4 67 
37 68 87 77 28 44 61 91 85 
48 41 97 36 92 95 20 85 87 33 
46 40 79 62 92 17 4 7 83 27 2 53 86 19 49 23 6 
72 32 47 34 1 49 53 11 62 99 17 2 22 30 97 4 14 35 
49 8 56 99 81 29 59 68 73 61 16 
77 83 41 97 96 36 49 6 50 2 58 22 70 88 9 91 4 61 56 79 85 98 
75 31 76 69 53 25 89 98 12 28 60 61 88 44 41 90 49 52 62 4 80 
40 57 29 27 37 73 76 13 84 90 51 86 21 16 
45 18 84 15 54 53 59 43 58 23 70 64 8 87 37 73 60 93 29 
45 42 
68 20 52 36 45 17 8 65 10 69 13 18 83 
27 83 7 25 28 71 97 60 33 91 55 8 49 
32 29 45 6 31 71 2 39 21 23 92 13 60 38 86 35 18 66 20 9 19 62 
46 7 58 6 2 
71 66 56 46 36 98 92 31 50 69 34 7 81 16 9 38 
65 98 2 9 28 100 11 47 93 46 35 83 40 
45 61 56 41 46 43 5 68 40 92 51 47 65 26 28 25 66 86 
56 42 90 10 88 98 21 11 46 68 65 82 99 93 30 8 
47 20 67 4 61 64 87 65 7 60 75 
79 36 48 14 87 84 83 34 52 75 8 86 43 35 25 50 
70 60 90 75 80 100 84 43 25 67 4 45 44 99 
90 24 20 42 29 5 74 63 97 71 13 15 94 99 19 82 31 35 75 7 17 
21 24 6 40 98 80 35 17 69 11 78 14 
62 45 6 27 81 46 41 60 99 64 68 67 94 8 
40 68 81 31 
93 58 
54 64 81 21 52 8 32 56 17 80 74 
48 72 29 44 4 47 23 91 94 45 53 69 22 54 37 83 68 59 63 
3 95 54 42 64 86 29 72 39 14 26 59 78 76 
79 100 90 91 67 31 62 11 29 2 81 
87 84 
46 58 18 99 7 12 93 59 21 40 24 34 92 52 70 33 20 35 48 43 
52 62 71 41 70 26 93 10 27 19 77 61 59 81 7 92 22 96 32 84 76 
51 76 7 16 97 77 80 48 75 26 84 
71 98 1 5 
48 37 89 
33 17 46 4 6 100 44 86 23 79 12 31 7 71 9 
20 83 39 55 36 14 33 48 
30 91 10 58 83 1 59 86 12 82 69 41 3 57 66 51 93 47 24 33 92 7 
26 51 77 60 86 81 32 58 27 37 21 
81 67 62 2 18 40 1 68 15 73 38 26 34 
96 16 86 5 64 21 
72 45 5 41 74 33 97 63 48 34 100 23 51 91 83 
58 33 95 28 22 97 61 
32 
89 53 61 5 22 83 66 9 17 87 74 62 13 27 91 
71 95 89 50 46 19 21 41 66 18 74 86 83 28 67 78 100 25 72 55 4 
3 76 35 39 42 80 77 41 48 46 23 19 78 38 33 22 6 34 71 15 4 
19 84 25 32 74 78 66 97 98 99 38 71 24 95 44 
65 53 42 9 91 73 13 26 20 21 93 1 72 
14 37 94 27 
79 2 80 83 
63 60 57 18 97 3 100 10 93 29 11 47 53 71 
92 57 50 63 32 36 9 46 53 90 59 20 71 27 82 79 39 94 85 91 88 84 
8 77 22 84 97 82 54 34 95 5 60 3 24 
47 9 71 95 22 64 62 20 88 90 
46 30 50 77 40 42 17 7 37 62 92 
91 11 
92 67 24 50 53 47 
43 19 87 24 33 96 90 
83 25 49 86 70 20 19 44 81 57 33 
59 80 57 93 46 33 26 30 100 
14 29 39 95 62 10 82 11 40 38 18 74 70 78 83 15 27 52 93 
13 94 8 26 78 63 
75 57 36 35 30 
74 11 85 33 18 92 51 52 54 58 
52 13 33 98 7 34 31 62 32 23 
62 48 100 25 
26 48 44 100 40 99 50 98 24 92 83 2 56 53 22 
36 34 65 
68 
31 50 88 48 27 
12 73 28 83 41 18 87 14 89 64 33 51 15 78 29 80 
13 56 74 80 87 85 45 92 68 95 
57 56 85 75 32 51 17 34 69 68 
45 12 5 60 50 59 
49 10 42 99 8 79 23 86 21 45 
30 49 53 74 62 86 51 79 75 59 1 40 41 88 89 38 90 57 85 76 69 27 
35 71 97 87 22 43 11 95 86 
8 89 27 28 46 67 82 30 53 
65 70 86 10 15 14 76 59 100 50 78 29 60 64 17 90 34 
5 59 86 10 62 31 81 73 19 72 42 8 77 35 87 15 54 76 55 39 96 51 
23 12 46 35 27 83 43 47 91 73 86 13 59 54 14 25 1 67 90 
23 
82 71 60 44 
18 77 88 76 37 35 8 
18 80 30 4 11 86 72 14 34 31 
12 48 47 40 98 53 21 38 51 61 1 82 9 17 29 93 84 
59 29 5 43 53 27 86 84 17 51 62 39 69 31 30 99 9 85 7 37 22 75 
17 8 100 41 24 40 26 39 18 7 78 67 97 46 
86 59 75 55 82 19 33 43 100 45 27 95 57 46 99 38 
46 3 86 57 28 87 14 26 32 80 11 
91 20 60 51 25 11 62 68 7 30 6 9 22 
21 64 17 86 18 69 2 55 25 83 97 49 65 23 45 26 91 92 16 90 31 33 48 
22 47 39 17 71 61 13 51 75 6 86 94 
1 53 73 22 10 98 100 52 41 48 61 51 35 
38 55 85 56 64 65 12 35 
40 77 14 94 38 52 2 80 66 31 99 58 
81 67 55 88 52 25 28 18 23 11 47 99 83 82 43 
52 69 37 14 86 48 91 
56 96 
43 97 4 36 57 11 12 42 24 38 22 87 92 45 72 44 54 93 48 
75 28 25 13 62 61 53 52 60 57 6 15 93 
99 94 54 66 9 64 15 48 42 37 57 70 32 2 
61 15 12 44 29 85 66 55 76 18 10 63 95 98 16 
66 93 20 90 52 16 31 5 97 
38 3 70 40 86 72 85 62 43 13 2 58 54 44 97 14 24 75 74 35 5 49 77 
61 92 29 7 94 100 78 
49 95 83 94 17 39 80 6 28 88 25 82 16 69 66 98 71 87 8 50 56 40 38 
64 88 77 75 35 55 67 42 9 1 13 8 63 
4 83 90 74 48 52 51 66 19 87 14 40 50 27 65 93 33 64 
64 52 88 40 19 81 6 9 
95 82 78 73 92 98 26 57 42 5 32 17 97 45 86 31 49 85 46 23 
94 49 61 12 40 77 93 39 81 31 30 
49 5 1 80 28 99 38 67 75 
61 70 3 73 36 4 18 54 
3 52 55 31 75 71 45 13 8 6 96 68 33 82 30 77 72 19 93 50 
49 86 32 11 25 26 34 10 76 80 61 52 94 91 43 41 77 75 83 
70 14 
92 19 20 53 5 81 83 93 
97 78 13 
19 15 36 
40 59 8 47 70 58 75 
78 44 96 30 10 
80 20 49 46 78 9 47 88 82 19 18 70 21 73 15 76 64 51 67 54 99 58 
46 37 35 84 15 25 96 6 10 79 
60 78 48 47 28 99 
20 32 8 95 86 46 56 74 55 81 91 90 43 4 30 66 
13 77 61 9 39 95 
20 5 63 10 40 86 99 7 76 96 17 27 33 94 12 23 51 55 66 39 79 32 
61 56 46 66 5 
100 71 61 52 57 43 72 53 46 45 63 68 65 35 58 22 24 67 14 51 17 74 78 94 
30 75 9 25 46 77 53 63 14 42 73 85 43 
23 63 43 96 100 81 35 79 95 91 78 50 80 10 21 58 29 16 
76 92 47 88 
48 9 19 77 4 89 6 34 87 59 
54 16 65 87 29 74 22 88 33 91 46 97 25 18 93 47 52 50 43 11 
87 91 47 76 83 3 61 12 46 88 23 43 51 53 33 
91 30 58 44 53 40 14 20 97 23 77 19 17 29 76 32 85 27 8 82 2 100 
55 62 80 88 5 24 69 18 2 64 39 30 63 87 
70 53 40 88 33 38 24 6 5 96 90 62 8 55 34 35 64 
41 38 86 4 57 58 69 44 9 26 5 85 73 64 32 
47 56 82 58 45 28 84 26 11 54 55 48 37 
96 42 73 85 87 72 22 
44 90 84 73 51 89 93 21 55 
32 6 62 19 93 56 
28 73 39 64 62 92 31 88 
95 56 12 66 100 91 63 37 47 5 87 94 10 43 
46 55 27 25 19 70 12 42 22 18 95 60 52 78 72 83 57 11 35 
95 40 43 33 26 57 74 34 24 46 23 98 35 89 31 80 84 
28 37 97 48 65 88 15 100 23 66 42 89 87 58 6 44 25 1 8 
46 66 74 51 99 83 39 
5 26 2 77 28 84 16 42 86 14 1 72 92 19 31 
81 93 8 91 49 68 92 98 94 80 79 56 47 48 85 17 21 46 87 100 29 28 
33 55 23 92 
66 36 92 21 20 76 53 25 87 10 77 14 85 2 4 78 37 27 34 
90 48 34 58 10 47 67 30 15 6 76 38 41 70 33 19 
18 91 37 54 41 13 2 
59 37 55 
52 19 76 72 34 65 35 90 91 97 12 
30 
84 77 55 9 2 97 69 32 50 64 57 80 60 18 65 54 92 78 41 51 76 79 
87 44 4 23 65 41 20 9 47 69 10 98 79 83 75 17 100 95 71 
15 
81 80 66 
17 24 51 13 63 42 60 57 76 41 18 21 
48 23 59 36 99 44 72 17 52 14 98 57 90 71 87 76 82 40 
6 94 68 50 70 60 37 100 33 65 95 55 
37 52 12 78 70 68 29 11 46 
53 
78 11 31 49 74 37 30 16 36 58 94 42 51 76 4 100 34 75 64 9 53 35 6 
87 23 13 
85 61 100 54 38 6 5 46 11 87 24 84 29 56 96 
41 
84 46 35 37 21 91 34 30 78 3 95 58 32 
52 83 19 40 95 34 68 4 27 97 49 
97 94 13 8 95 66 89 88 17 98 39 31 65 40 45 71 37 36 42 74 50 33 
53 12 66 79 65 91 41 88 77 4 97 13 26 100 17 
55 89 
69 84 2 73 31 16 8 34 81 66 78 
65 
93 57 91 98 97 37 16 79 66 27 96 39 22 14 1 87 34 26 
17 82 28 
83 58 45 29 2 99 92 16 
74 89 30 59 98 81 85 71 
16 84 8 70 66 23 63 11 
70 31 59 97 67 35 30 13 21 37 14 95 
4 64 28 100 41 47 6 24 15 76 27 95 16 18 89 29 13 45 19 
54 33 81 2 
96 24 47 31 63 28 75 79 12 48 
82 48 17 15 83 79 70 80 55 6 28 16 19 86 41 76 57 29 3 
6 78 69 25 29 
27 16 64 46 79 55 51 66 15 72 39 
43 82 83 5 51 86 93 55 6 79 27 34 92 97 11 61 
43 45 34 27 8 90 29 31 59 51 50 4 63 
56 33 16 15 85 47 45 14 96 40 
7 24 89 23 35 18 90 41 95 98 3 100 84 61 17 40 83 68 20 37 52 
12 47 55 58 43 69 25 17 29 49 2 24 15 99 
79 37 21 100 31 39 84 38 87 9 49 32 92 80 78 15 
20 46 58 49 86 7 
85 93 74 49 59 
8 69 47 61 39 79 20 52 68 80 43 29 48 49 77 5 81 95 
85 98 37 93 84 22 55 
66 59 20 77 99 71 21 57 65 97 44 96 82 69 43 
52 82 17 
20 73 98 7 37 66 14 21 72 40 43 6 9 
44 63 68 33 48 18 29 67 14 85 62 91 61 12 74 
88 50 100 99 68 23 
68 24 57 79 80 74 77 17 22 9 3 76 82 91 33 44 92 64 31 28 97 
30 87 66 84 51 69 90 38 22 82 71 13 47 24 100 99 28 
66 100 23 74 53 99 18 85 19 35 40 25 71 42 36 3 54 84 39 95 51 
55 72 3 64 41 58 
22 69 49 52 97 85 3 74 60 50 98 38 9 
27 51 2 80 18 72 78 65 13 15 42 81 84 17 71 
15 74 28 63 58 44 94 10 29 17 
68 66 89 56 87 91 12 
90 2 24 94 28 39 17 96 22 68 61 16 25 72 75 
89 46 26 14 99 51 54 42 97 78 35 90 76 92 17 32 29 
40 28 90 63 
10 62 27 85 72 61 48 36 87 21 32 88 95 41 83 
78 85 70 69 
29 8 56 38 15 91 44 
85 87 23 88 
50 88 62 14 37 8 25 11 76 79 20 96 
41 14 64 34 80 
51 10 36 92 79 40 
81 53 42 29 63 69 19 46 
34 95 93 66 58 1 79 30 83 19 56 47 43 39 
61 9 16 82 8 79 
4 86 95 91 
49 14 68 3 77 60 48 81 97 29 84 65 74 40 34 4 56 82 79 
84 71 5 67 41 
66 36 47 
100 97 
12 64 74 47 40 60 22 16 39 68 98 31 76 55 26 
78 9 6 8 59 32 99 47 2 29 67 58 21 40 15 13 
82 95 29 67 45 92 68 60 14 91 65 36 46 81 53 30 69 85 
24 79 48 
31 
99 91 21 37 32 26 75 88 56 23 98 81 27 79 52 33 53 
65 
96 38 63 30 49 48 55 61 31 68 86 39 10 94 23 50 52 36 56 
56 51 95 
91 48 22 16 84 13 29 96 60 11 51 6 46 68 58 55 87 71 
54 90 11 39 3 56 78 58 89 93 99 22 82 29 15 28 92 14 62 
36 91 26 68 3 22 45 96 16 7 14 73 54 50 52 44 6 28 
95 69 26 86 53 64 82 79 7 31 8 28 13 37 34 9 14 65 71 76 27 38 66 62 
92 26 90 54 35 31 24 58 41 94 95 27 13 18 33 80 77 8 
59 61 86 48 42 24 14 13 
85 83 64 41 66 91 44 79 17 68 61 
65 63 26 79 43 77 64 29 80 99 35 21 37 59 
27 38 97 69 42 3 19 
34 39 5 87 78 84 100 60 77 12 49 30 89 65 20 27 73 55 59 
62 48 64 
35 67 40 37 27 26 9 70 36 55 13 92 
69 75 30 65 46 89 22 86 4 
3 95 97 24 72 83 61 6 40 
12 83 34 16 
7 39 71 25 58 73 34 67 9 97 22 64 18 
6 70 31 80 59 14 38 46 19 
48 55 
99 16 32 92 59 14 68 44 69 75 87 84 2 98 49 
35 3 49 65 94 
73 91 92 49 44 53 48 60 66 22 74 19 14 32 10 25 45 16 
91 100 44 82 97 86 76 42 70 32 74 79 35 54 36 15 27 
87 69 94 16 41 
19 15 75 58 60 31 33 38 10 49 27 87 55 69 83 76 
31 46 86 72 34 81 23 38 26 85 37 7 61 69 18 96 
3 
64 49 75 41 29 21 73 99 66 80 30 40 90 43 26 31 93 96 2 51 11 46 
1 86 84 70 82 75 66 32 
40 3 20 93 25 74 51 94 56 54 30 7 32 5 60 66 21 29 
85 90 93 32 61 72 62 51 78 92 49 27 99 23 1 52 59 18 29 53 67 38 
53 17 98 95 42 94 8 84 71 91 55 81 22 60 35 89 86 64 
14 11 34 48 66 26 2 
4 30 85 67 47 76 43 69 13 9 28 
23 62 3 43 47 78 34 49 72 29 59 22 13 82 97 
54 55 2 98 12 76 59 100 32 84 22 37 17 
50 36 37 49 29 78 23 42 67 92 69 44 32 21 59 62 
11 61 22 29 70 73 45 9 63 88 3 53 
11 39 42 71 21 17 20 15 56 98 44 24 88 38 10 40 54 26 52 23 
35 96 33 90 55 49 71 99 81 20 
56 65 40 39 12 74 54 79 50 100 61 11 46 9 5 
56 67 9 57 14 82 96 29 43 58 76 16 22 11 42 85 52 81 59 100 
50 44 38 7 5 6 13 93 81 42 26 77 69 60 64 
74 35 49 19 65 20 18 15 11 88 
13 
33 38 19 61 7 36 46 18 37 55 53 20 3 80 12 43 95 52 
20 44 94 61 84 58 77 66 9 41 7 34 80 8 25 
53 
3 98 31 29 32 
58 
16 60 49 99 94 26 21 40 36 
62 95 75 28 100 54 82 69 43 90 5 78 83 67 65 79 
51 4 94 91 47 58 86 
51 85 6 34 68 8 33 16 100 32 92 56 7 19 29 15 30 82 18 
13 66 28 63 87 82 
17 
97 68 80 78 87 52 25 57 36 66 99 81 
44 50 76 72 57 49 17 55 83 96 26 91 62 6 97 11 68 1 16 27 80 
5 49 55 26 70 95 13 40 12 97 23 51 56 53 67 98 
58 25 
77 34 1 92 48 78 47 42 79 72 83 91 56 5 9 57 73 35 82 88 97 63 94 
29 70 58 59 33 14 92 73 4 
75 99 38 
78 28 14 42 45 92 53 8 82 15 23 60 
81 
70 18 43 24 33 41 25 45 10 79 36 83 96 64 19 2 84 
49 53 12 98 44 60 33 63 99 89 83 95 77 75 
83 49 64 
45 16 47 59 5 48 39 75 66 
73 59 
49 22 61 100 30 
32 56 54 39 47 94 60 98 51 64 31 83 41 79 90 77 70 61 78 44 53 
61 27 91 20 22 71 34 17 65 67 57 49 77 24 89 9 7 80 
10 72 13 74 8 30 95 34 84 6 5 77 67 38 62 40 36 41 98 80 17 93 
95 32 72 77 22 14 83 47 48 59 63 54 70 
72 66 52 17 22 69 8 1 
68 41 48 81 11 2 36 69 15 28 
38 21 98 65 47 49 26 
39 42 87 82 40 38 70 31 1 88 96 46 61 15 28 73 58 54 48 
44 86 54 
97 41 84 89 59 93 76 92 31 30 1 66 74 77 33 28 79 12 
27 95 41 9 56 
100 22 10 95 60 52 94 68 91 3 38 65 45 29 2 8 70 78 81 56 26 
45 94 41 69 13 8 93 
3 94 
38 18 44 17 20 42 90 78 28 40 71 
22 98 28 33 100 94 86 21 31 74 91 15 57 44 1 95 63 51 8 89 85 83 30 
42 5 2 97 94 37 73 100 82 26 
50 39 42 90 77 3 
6 43 51 
98 67 18 48 9 61 57 44 70 97 
86 77 30 9 40 13 5 53 14 26 35 99 
16 7 57 79 31 46 70 81 42 41 
56 10 52 89 26 83 43 79 41 73 16 72 96 92 81 63 31 67 45 50 48 
36 92 22 21 45 46 60 65 40 
41 18 35 60 69 62 83 77 25 7 76 94 93 10 
2 21 12 83 94 23 55 74 64 96 9 35 1 34 98 
33 
34 67 80 22 33 86 4 52 79 93 95 29 13 
47 60 95 80 74 41 17 42 73 27 6 
64 63 44 30 72 71 99 20 41 77 96 28 36 49 17 32 14 98 50 6 7 
99 87 97 85 28 31 86 47 57 92 48 82 16 98 95 38 
50 17 100 66 30 
47 59 92 55 51 44 73 53 87 17 78 29 10 39 60 
86 62 29 63 58 78 13 64 41 59 
84 36 28 23 46 69 53 87 10 80 1 76 
47 60 
100 63 82 53 70 
60 62 80 72 45 43 
61 89 27 44 
44 19 86 84 87 14 83 33 
41 49 43 34 2 76 1 95 3 38 8 57 85 
76 48 86 87 25 95 6 41 39 35 36 
25 18 19 48 98 67 61 65 2 40 68 20 28 37 11 99 64 
70 52 27 86 26 82 92 56 
93 52 20 68 
87 35 59 60 43 94 88 65 
52 73 11 46 56 67 71 90 36 75 9 24 17 79 41 98 14 30 1 7 89 26 91 
27 98 90 28 50 26 37 
84 65 82 20 39 83 60 41 74 57 47 3 7 93 95 26 
71 64 14 45 46 96 10 100 93 48 50 
22 47 55 32 48 12 18 40 24 63 26 45 
47 51 40 39 45 56 
38 9 87 71 75 3 51 41 13 96 70 31 68 29 40 63 12 85 81 28 77 92 34 
48 55 4 16 92 66 64 89 99 82 17 1 26 86 79 42 81 19 50 
45 92 68 80 31 49 98 23 50 53 42 65 41 95 28 52 66 84 
16 55 64 76 53 96 30 50 8 98 71 41 34 46 11 19 60 
32 15 92 81 93 36 17 64 18 37 28 84 74 29 89 55 48 83 
41 89 7 46 25 70 68 74 86 24 45 92 58 
51 45 67 93 29 27 20 
82 30 85 18 62 80 8 28 10 43 65 
61 30 10 12 47 59 34 75 95 49 96 88 100 19 72 33 
84 87 69 70 8 
89 76 16 47 42 48 81 65 88 8 7 57 24 71 79 10 82 
89 47 63 33 26 46 32 82 49 19 54 16 60 45 57 40 70 15 44 18 67 42 
57 53 8 76 37 9 88 84 1 4 94 48 29 24 78 50 28 70 27 12 18 
35 55 32 
27 30 68 48 43 94 28 64 36 92 81 93 87 98 91 58 62 4 71 45 95 18 85 
70 9 87 97 60 2 35 82 36 77 44 7 65 75 98 30 56 42 
66 31 76 38 9 58 77 1 3 55 68 
59 89 91 35 16 70 20 14 93 37 5 50 67 
84 
23 68 89 9 67 80 83 90 15 87 52 86 30 40 
62 88 4 
26 18 66 72 89 68 5 98 35 79 
44 85 71 98 35 33 38 61 39 86 22 67 55 2 3 37 
86 57 48 97 98 49 69 29 41 37 9 24 95 
44 12 61 11 77 86 13 70 95 55 40 47 
71 63 36 2 47 73 93 29 10 25 8 1 
14 
16 41 52 25 73 78 49 
62 36 53 87 76 9 10 1 15 65 39 79 68 86 78 82 
19 68 72 61 66 51 33 58 32 6 85 100 98 
80 44 75 96 49 
50 52 60 82 68 30 33 67 29 6 56 26 70 15 43 64 22 63 39 21 
63 64 83 51 21 74 80 69 81 94 48 44 90 
17 18 
57 61 84 86 35 67 81 80 19 89 
23 28 20 81 11 85 14 1 17 71 
35 83 
71 99 18 40 73 65 70 7 31 4 41 23 15 21 87 61 30 82 29 36 53 
39 41 24 53 
57 13 32 68 96 53 48 95 9 62 
29 80 34 84 38 72 14 2 16 77 49 58 12 94 55 68 
87 46 11 35 95 29 
36 
6 86 35 79 93 74 
54 98 1 74 91 84 43 68 12 47 4 34 42 80 33 56 41 46 20 90 53 
31 53 8 13 66 69 5 12 40 41 76 50 60 29 71 82 95 4 32 73 59 85 
13 35 26 24 97 64 
72 94 44 7 61 24 6 20 8 87 30 43 51 
17 7 69 2 50 36 
26 22 35 
74 97 4 20 89 
29 97 98 77 70 31 4 
74 77 9 61 98 36 17 94 60 97 12 63 11 58 34 76 13 29 68 
66 
76 41 19 66 22 74 57 15 39 98 47 42 83 46 25 48 8 80 38 28 27 62 12 43 
67 51 48 69 70 19 100 33 37 36 97 34 82 66 44 5 8 1 
20 37 39 38 88 13 2 78 61 
41 11 29 79 46 63 95 77 5 56 78 
59 
63 16 27 83 8 41 64 100 21 50 19 54 
81 28 52 38 100 
56 
70 86 20 1 93 
72 40 49 26 78 25 88 42 
71 37 10 55 41 35 9 
93 1 69 67 19 37 76 
80 71 93 90 40 39 35 85 92 60 95 26 50 45 94 36 67 56 
71 40 67 22 9 66 38 88 78 
80 50 57 
22 65 97 69 21 68 6 
43 46 61 63 83 88 50 82 56 14 
47 76 3 91 89 93 52 23 13 4 61 84 10 53 42 
99 41 77 30 98 
7 20 35 80 56 16 93 63 78 92 49 13 61 83 82 70 60 47 27 73 77 
50 
68 12 34 
32 50 15 54 38 25 82 17 49 5 12 74 13 61 6 70 4 90 3 79 76 80 60 
26 68 46 28 8 
16 93 87 22 36 54 17 58 51 24 12 23 42 
22 
45 53 52 77 98 67 56 40 43 5 79 50 35 62 75 3 
46 33 23 90 67 80 50 89 41 65 43 19 13 17 10 2 15 5 
37 70 32 94 3 36 
28 40 10 53 39 44 3 71 37 90 17 4 89 67 51 31 15 75 24 27 98 
19 10 92 21 7 91 16 75 27 15 93 14 56 29 
25 89 23 52 27 70 84 
56 98 31 81 34 
80 37 47 34 67 68 84 45 56 89 81 41 88 75 78 76 4 77 29 
45 67 32 26 25 99 94 21 80 90 
98 35 97 95 3 37 66 21 90 11 27 91 
91 22 29 34 37 8 17 98 47 100 89 24 
48 50 61 83 85 60 67 
100 96 98 56 22 2 59 89 75 
52 48 68 55 34 17 72 93 4 
91 58 43 21 6 48 68 87 5 1 74 
14 47 84 25 59 12 89 39 67 17 90 57 68 86 
30 79 12 
78 42 45 98 34 96 4 1 31 16 65 94 17 
46 36 45 14 63 28 
80 83 51 55 1 3 69 54 47 22 17 26 77 87 92 72 62 45 
88 96 
69 90 8 14 54 27 31 13 70 30 40 58 
54 24 2 28 30 15 90 14 22 13 53 68 57 88 1 33 
22 10 
83 64 45 76 90 95 78 32 8 86 50 63 74 51 77 87 16 26 
9 64 92 47 19 90 4 20 71 23 
5 79 74 64 11 23 97 34 
90 49 29 38 18 28 20 61 
88 6 55 41 42 
29 4 98 90 95 72 87 66 
94 43 
12 67 36 10 94 84 1 65 32 18 35 
30 8 24 79 75 43 18 91 26 87 16 63 6 78 68 90 40 55 3 38 49 
44 43 81 96 16 31 33 1 52 30 
32 14 37 75 22 10 45 54 64 31 8 94 95 58 36 11 90 18 24 
94 14 99 53 55 31 56 36 96 95 97 78 24 61 33 30 32 8 48 49 82 
20 90 7 79 29 75 26 28 61 51 37 66 6 33 63 77 99 44 27 74 
37 2 30 93 59 73 8 91 54 43 34 81 53 26 13 
78 100 26 74 92 93 1 
78 56 12 88 45 99 39 75 47 27 23 76 96 24 
44 49 43 54 61 78 57 28 12 10 7 96 72 17 38 11 83 45 25 79 62 
55 3 64 70 8 100 72 21 41 65 96 47 27 56 57 43 23 77 
85 6 51 80 
61 94 35 79 90 100 48 30 33 16 92 22 11 40 56 10 85 6 38 91 28 53 67 65 
81 88 54 33 72 
74 40 99 14 19 20 2 25 94 5 82 
97 70 48 66 96 44 21 72 69 8 40 41 78 75 
34 65 42 57 87 41 24 10 36 96 52 35 97 31 63 2 
88 39 80 96 91 2 17 72 83 86 
98 15 25 49 83 26 74 72 46 38 
82 10 41 
23 52 93 29 82 68 85 56 
52 47 26 58 78 1 9 63 87 15 
15 61 93 34 79 6 48 5 78 89 42 80 20 
52 75 29 44 100 37 90 38 92 53 62 
10 83 30 98 28 13 63 9 38 51 18 
49 43 65 99 14 23 27 18 21 98 78 11 
46 95 84 74 35 86 32 20 
5 53 28 73 
59 19 74 94 53 3 46 85 78 24 34 90 54 23 42 71 44 87 
26 56 
77 98 45 47 36 80 64 25 38 6 85 95 54 37 53 94 
85 16 78 90 72 10 93 81 50 44 21 71 57 9 60 40 73 59 1 83 28 
19 20 
77 88 55 
55 67 44 60 2 75 96 54 61 87 17 
92 98 47 28 46 99 73 16 21 35 20 49 53 91 
51 44 2 84 7 90 70 54 50 
67 33 2 13 54 35 4 70 85 42 37 34 18 82 21 75 45 
23 38 30 39 3 76 96 62 70 66 9 19 
86 33 53 
46 37 99 34 44 80 
58 4 63 71 98 24 56 42 96 97 11 37 75 
16 99 63 95 12 39 30 55 90 94 50 31 88 42 62 35 64 68 27 4 
30 93 39 81 79 33 24 99 73 20 50 16 45 90 83 12 96 63 67 
81 34 68 73 45 17 86 19 92 36 37 14 51 100 31 39 41 89 71 3 44 
28 31 57 44 13 82 19 81 70 20 9 69 95 23 53 30 59 50 
68 20 13 27 
58 60 59 50 36 43 29 38 89 79 62 28 15 81 83 6 5 13 32 26 33 42 
59 96 13 24 53 9 
50 86 24 26 21 96 58 9 39 41 17 
89 58 80 72 99 55 66 57 96 82 69 1 
79 35 27 
39 98 73 100 48 89 29 85 55 77 94 15 
66 69 77 75 54 59 53 80 5 46 30 44 79 97 57 43 73 
30 79 1 97 78 80 77 63 15 6 85 
53 33 52 67 96 48 68 77 65 76 97 15 50 88 60 43 
75 11 15 
77 71 81 64 
48 58 38 36 94 31 71 32 33 98 70 11 22 
18 15 60 22 79 45 37 68 61 67 32 
10 55 69 22 48 86 49 75 74 21 25 19 20 100 14 31 
60 84 
44 8 89 72 81 45 34 92 99 56 51 40 7 64 60 76 33 22 4 53 43 
77 80 70 41 1 76 36 14 32 96 88 62 25 
42 43 48 70 
16 33 80 73 14 
78 89 34 1 54 17 21 
78 42 72 60 10 76 53 6 14 62 68 23 74 56 19 33 7 35 63 70 
28 41 49 14 96 52 53 89 74 88 16 31 20 
47 52 46 94 
15 66 16 17 59 18 56 51 
70 34 16 28 89 7 42 56 47 21 63 24 88 35 77 41 48 
1 63 92 83 99 32 98 
61 25 86 26 39 89 34 94 72 76 
24 
91 68 87 18 66 99 25 81 88 77 83 82 86 7 
9 6 96 46 39 38 100 90 78 
5 64 46 74 
48 42 10 14 41 82 85 9 95 30 67 50 1 64 43 
40 93 76 60 29 14 69 35 28 78 36 50 17 66 8 80 57 16 95 2 30 13 
61 54 9 41 19 75 85 45 44 14 47 12 58 82 51 
99 67 37 41 51 
37 78 20 64 35 22 61 62 48 13 16 70 34 21 81 98 36 50 12 56 46 
47 36 48 58 95 42 41 43 37 49 75 
43 26 60 12 55 93 75 38 53 27 19 92 6 28 4 
78 72 12 35 94 1 40 29 53 85 20 38 48 2 
63 3 
24 
34 47 78 86 14 85 92 23 91 54 20 
